Ardipithecus_ramidus	1	-0.811777	5.70067	-1.49955
Ardipithecus_ramidus	2	-1.03391	5.63058	-1.31528
Ardipithecus_ramidus	3	-0.744665	5.68254	-1.91183
Ardipithecus_ramidus	4	-0.529384	5.56859	-1.20005
Ardipithecus_ramidus	5	-1.33591	5.53001	-1.59401
Ardipithecus_ramidus	6	-0.256113	5.52022	-1.88
Ardipithecus_ramidus	7	-1.01961	5.38726	-0.935701
Ardipithecus_ramidus	8	-1.09493	5.50212	-2.15007
Ardipithecus_ramidus	9	-0.151677	5.36685	-1.35871
Ardipithecus_ramidus	10	-1.50522	5.24434	-1.25993
Ardipithecus_ramidus	11	-0.437572	5.38382	-2.33145
Ardipithecus_ramidus	12	-0.621505	5.22564	-0.864873
Ardipithecus_ramidus	13	-1.50605	5.22771	-1.96049
Ardipithecus_ramidus	14	0.0824459	5.15692	-1.86547
Ardipithecus_ramidus	15	-1.37524	5.01665	-0.86495
Ardipithecus_ramidus	16	-0.912826	5.23392	-2.47217
Ardipithecus_ramidus	17	-0.191391	5.07876	-1.08879
Ardipithecus_ramidus	18	-1.68261	4.93284	-1.53173
Ardipithecus_ramidus	19	-0.107309	5.03742	-2.35757
Ardipithecus_ramidus	20	-0.952418	4.8434	-0.695039
Ardipithecus_ramidus	21	-1.34919	4.93069	-2.31901
Ardipithecus_ramidus	22	0.173174	4.91211	-1.6073
Ardipithecus_ramidus	23	-1.62217	4.69223	-1.0424
Ardipithecus_ramidus	24	-0.568464	4.86638	-2.60964
Ardipithecus_ramidus	25	-0.411482	4.72174	-0.873762
Ardipithecus_ramidus	26	-1.68252	4.62948	-1.86976
Ardipithecus_ramidus	27	0.117455	4.71652	-2.17762
Ardipithecus_ramidus	28	-1.29118	4.4663	-0.755498
Ardipithecus_ramidus	29	-1.07715	4.64283	-2.54204
Ardipithecus_ramidus	30	0.0528511	4.62653	-1.3205
Ardipithecus_ramidus	31	-1.69093	4.31832	-1.3768
Ardipithecus_ramidus	32	-0.302779	4.50997	-2.54132
Ardipithecus_ramidus	33	-0.772309	4.31693	-0.801953
Ardipithecus_ramidus	34	-1.47433	4.32532	-2.17992
Ardipithecus_ramidus	35	0.170893	4.43777	-1.905
Ardipithecus_ramidus	36	-1.45381	4.10716	-1.02108
Ardipithecus_ramidus	37	-0.750807	4.2972	-2.58632
Ardipithecus_ramidus	38	-0.243876	4.25226	-1.20063
Ardipithecus_ramidus	39	-1.56398	4.00902	-1.75729
Ardipithecus_ramidus	40	-0.140372	4.23582	-2.27528
Ardipithecus_ramidus	41	-0.997045	3.90525	-0.989313
Ardipithecus_ramidus	42	-1.11241	4.0271	-2.30153
Ardipithecus_ramidus	43	-0.0848068	4.1052	-1.66661
Ardipithecus_ramidus	44	-1.325	3.7754	-1.46458
Ardipithecus_ramidus	45	-0.558524	3.97492	-2.33562
Ardipithecus_ramidus	46	-0.568462	3.77121	-1.34004
Ardipithecus_ramidus	47	-1.15271	3.73964	-1.98057
Ardipithecus_ramidus	48	-0.405347	3.85019	-1.93945
Ardipithecus_ramidus	49	-0.890431	3.60414	-1.57784
Ardipithecus_ramidus	50	-0.784047	3.62416	-1.81659
Australopithecus_sediba	1	-2.86675	2.96421	-5.30062
Australopithecus_sediba	2	-3.05844	2.9795	-5.15087
Australopithecus_sediba	3	-2.69397	2.89511	-5.65311
Australopithecus_sediba	4	-2.8002	3.06517	-4.90947
Australopithecus_sediba	5	-3.13688	2.77807	-5.48428
Australopithecus_sediba	6	-2.4265	2.88489	-5.53588
Australopithecus_sediba	7	-3.20847	2.93362	-4.6761
Australopithecus_sediba	8	-2.7569	2.70202	-5.95354
Australopithecus_sediba	9	-2.56331	2.89883	-4.98063
Australopithecus_sediba	10	-3.3055	2.64508	-5.16733
Australopithecus_sediba	11	-2.32269	2.72097	-5.94715
Australopithecus_sediba	12	-2.95935	2.92958	-4.55479
Australopithecus_sediba	13	-3.02465	2.57092	-5.87646
Australopithecus_sediba	14	-2.14792	2.72169	-5.33754
Australopithecus_sediba	15	-3.44614	2.71764	-4.6452
Australopithecus_sediba	16	-2.51132	2.46006	-6.18429
Australopithecus_sediba	17	-2.66139	2.77796	-4.7076
Australopithecus_sediba	18	-3.26307	2.43133	-5.41182
Australopithecus_sediba	19	-1.97929	2.55764	-5.78309
Australopithecus_sediba	20	-3.18782	2.74638	-4.33461
Australopithecus_sediba	21	-2.83061	2.30256	-6.12859
Australopithecus_sediba	22	-2.23554	2.6574	-5.07347
Australopithecus_sediba	23	-3.51315	2.49401	-4.80852
Australopithecus_sediba	24	-2.19803	2.34495	-6.13258
Australopithecus_sediba	25	-2.78627	2.61291	-4.44491
Australopithecus_sediba	26	-3.09427	2.226	-5.66343
Australopithecus_sediba	27	-1.84532	2.37788	-5.55455
Australopithecus_sediba	28	-3.38454	2.46643	-4.41065
Australopithecus_sediba	29	-2.54355	2.13469	-6.16585
Australopithecus_sediba	30	-2.46394	2.49679	-4.77394
Australopithecus_sediba	31	-3.33495	2.21992	-5.11801
Australopithecus_sediba	32	-1.9429	2.24495	-5.86788
Australopithecus_sediba	33	-3.04042	2.34164	-4.33847
Australopithecus_sediba	34	-2.90513	2.04084	-5.89505
Australopithecus_sediba	35	-1.94983	2.25473	-5.24762
Australopithecus_sediba	36	-3.4114	2.15954	-4.6608
Australopithecus_sediba	37	-2.23251	2.04536	-6.02558
Australopithecus_sediba	38	-2.67519	2.19962	-4.63451
Australopithecus_sediba	39	-3.07403	1.95516	-5.34907
Australopithecus_sediba	40	-1.96511	2.0912	-5.53033
Australopithecus_sediba	41	-3.12991	2.05248	-4.54216
Australopithecus_sediba	42	-2.63352	1.90758	-5.76805
Australopithecus_sediba	43	-2.30036	2.09165	-4.98499
Australopithecus_sediba	44	-3.14008	1.87331	-5.00764
Australopithecus_sediba	45	-2.21929	1.95762	-5.61992
Australopithecus_sediba	46	-2.79864	1.89534	-4.76982
Australopithecus_sediba	47	-2.7518	1.76701	-5.44379
Australopithecus_sediba	48	-2.3728	1.89324	-5.21446
Australopithecus_sediba	49	-2.85012	1.75036	-4.98077
Australopithecus_sediba	50	-2.64452	1.76415	-5.18546
Homo_rudolfensis	1	-5.51228	3.90359	-6.74906
Homo_rudolfensis	2	-5.64975	3.90927	-6.61048
Homo_rudolfensis	3	-5.39339	3.86615	-7.09121
Homo_rudolfensis	4	-5.34314	3.85085	-6.313
Homo_rudolfensis	5	-5.78079	3.78423	-6.95235
Homo_rudolfensis	6	-5.10018	3.73281	-6.97948
Homo_rudolfensis	7	-5.73251	3.70272	-6.03334
Homo_rudolfensis	8	-5.50287	3.66062	-7.33767
Homo_rudolfensis	9	-5.1673	3.6472	-6.40864
Homo_rudolfensis	10	-5.91903	3.60192	-6.62899
Homo_rudolfensis	11	-5.0735	3.60637	-7.38341
Homo_rudolfensis	12	-5.43161	3.62125	-5.88691
Homo_rudolfensis	13	-5.74019	3.54568	-7.24486
Homo_rudolfensis	14	-4.85086	3.43195	-6.79667
Homo_rudolfensis	15	-5.94384	3.49652	-5.97446
Homo_rudolfensis	16	-5.37626	3.30665	-7.60058
Homo_rudolfensis	17	-5.21373	3.43331	-6.08696
Homo_rudolfensis	18	-5.92158	3.3623	-6.8929
Homo_rudolfensis	19	-4.72975	3.33211	-7.266
Homo_rudolfensis	20	-5.61346	3.41093	-5.60061
Homo_rudolfensis	21	-5.66818	3.16451	-7.52533
Homo_rudolfensis	22	-4.93	3.28766	-6.51266
Homo_rudolfensis	23	-6.0208	3.29353	-6.19473
Homo_rudolfensis	24	-5.06095	3.14631	-7.61814
Homo_rudolfensis	25	-5.26956	3.17322	-5.74174
Homo_rudolfensis	26	-5.86101	3.08533	-7.16304
Homo_rudolfensis	27	-4.56987	3.06839	-7.06438
Homo_rudolfensis	28	-5.82114	3.18829	-5.68828
Homo_rudolfensis	29	-5.44696	2.92979	-7.65145
Homo_rudolfensis	30	-5.11914	3.03996	-6.20228
Homo_rudolfensis	31	-5.95803	3.06708	-6.58944
Homo_rudolfensis	32	-4.75543	2.9834	-7.4018
Homo_rudolfensis	33	-5.50274	2.98806	-5.5904
Homo_rudolfensis	34	-5.72134	2.83296	-7.42545
Homo_rudolfensis	35	-4.66091	2.88607	-6.78591
Homo_rudolfensis	36	-5.91167	2.89705	-6.01317
Homo_rudolfensis	37	-5.13498	2.79364	-7.57159
Homo_rudolfensis	38	-5.27722	2.80858	-6.06295
Homo_rudolfensis	39	-5.84403	2.76696	-6.88732
Homo_rudolfensis	40	-4.75215	2.77392	-7.10549
Homo_rudolfensis	41	-5.65743	2.75089	-5.87146
Homo_rudolfensis	42	-5.5003	2.63134	-7.35539
Homo_rudolfensis	43	-5.04457	2.6911	-6.49233
Homo_rudolfensis	44	-5.81195	2.62537	-6.4629
Homo_rudolfensis	45	-5.11073	2.65626	-7.18092
Homo_rudolfensis	46	-5.4422	2.56567	-6.21963
Homo_rudolfensis	47	-5.6105	2.47426	-7.01393
Homo_rudolfensis	48	-5.1957	2.54398	-6.76482
Homo_rudolfensis	49	-5.60287	2.46848	-6.5054
Homo_rudolfensis	50	-5.48875	2.43939	-6.74521
Kenyanthropus_platyops	1	-4.38785	2.43922	-6.60121
Kenyanthropus_platyops	2	-4.52886	2.47645	-6.47701
Kenyanthropus_platyops	3	-4.26888	2.32057	-6.92047
Kenyanthropus_platyops	4	-4.2202	2.50264	-6.20054
Kenyanthropus_platyops	5	-4.67259	2.26699	-6.80441
Kenyanthropus_platyops	6	-3.97343	2.22019	-6.77207
Kenyanthropus_platyops	7	-4.6063	2.36212	-5.98333
Kenyanthropus_platyops	8	-4.39729	2.09058	-7.16599
Kenyanthropus_platyops	9	-4.02657	2.27797	-6.24565
Kenyanthropus_platyops	10	-4.79141	2.1195	-6.51348
Kenyanthropus_platyops	11	-3.94647	2.03733	-7.14687
Kenyanthropus_platyops	12	-4.33141	2.29149	-5.82093
Kenyanthropus_platyops	13	-4.64559	1.99363	-7.1036
Kenyanthropus_platyops	14	-3.72058	1.99612	-6.54459
Kenyanthropus_platyops	15	-4.82713	2.16181	-5.92221
Kenyanthropus_platyops	16	-4.24103	1.75212	-7.38415
Kenyanthropus_platyops	17	-4.08543	2.09228	-5.95254
Kenyanthropus_platyops	18	-4.79873	1.85821	-6.72655
Kenyanthropus_platyops	19	-3.61338	1.83304	-6.97263
Kenyanthropus_platyops	20	-4.5471	2.11672	-5.55092
Kenyanthropus_platyops	21	-4.53964	1.62089	-7.33537
Kenyanthropus_platyops	22	-3.78967	1.90805	-6.26416
Kenyanthropus_platyops	23	-4.88637	1.91008	-6.10053
Kenyanthropus_platyops	24	-3.93907	1.61709	-7.33695
Kenyanthropus_platyops	25	-4.17982	1.88142	-5.6375
Kenyanthropus_platyops	26	-4.72436	1.55705	-6.96461
Kenyanthropus_platyops	27	-3.45191	1.6477	-6.71863
Kenyanthropus_platyops	28	-4.73473	1.87755	-5.6339
Kenyanthropus_platyops	29	-4.31615	1.41534	-7.40117
Kenyanthropus_platyops	30	-3.97004	1.69377	-5.97642
Kenyanthropus_platyops	31	-4.78677	1.60438	-6.44392
Kenyanthropus_platyops	32	-3.62895	1.50607	-7.06395
Kenyanthropus_platyops	33	-4.42074	1.66675	-5.49441
Kenyanthropus_platyops	34	-4.58778	1.31956	-7.17934
Kenyanthropus_platyops	35	-3.52898	1.51445	-6.44872
Kenyanthropus_platyops	36	-4.77782	1.52133	-5.88497
Kenyanthropus_platyops	37	-3.99192	1.30508	-7.24398
Kenyanthropus_platyops	38	-4.14961	1.44035	-5.85532
Kenyanthropus_platyops	39	-4.63806	1.28802	-6.66775
Kenyanthropus_platyops	40	-3.62159	1.37048	-6.73669
Kenyanthropus_platyops	41	-4.52285	1.3781	-5.73154
Kenyanthropus_platyops	42	-4.32312	1.14697	-7.04898
Kenyanthropus_platyops	43	-3.88649	1.3082	-6.1978
Kenyanthropus_platyops	44	-4.59185	1.18212	-6.27689
Kenyanthropus_platyops	45	-3.93403	1.21195	-6.82407
Kenyanthropus_platyops	46	-4.2826	1.16257	-5.98039
Kenyanthropus_platyops	47	-4.38785	1.02221	-6.71402
Kenyanthropus_platyops	48	-4.00054	1.15379	-6.4329
Kenyanthropus_platyops	49	-4.38489	1.04807	-6.24958
Kenyanthropus_platyops	50	-4.26888	1.03044	-6.44333
Australopithecus_africanus	1	-6.41717	5.94753	-6.66149
Australopithecus_africanus	2	-6.62695	5.96118	-6.46481
Australopithecus_africanus	3	-6.30827	5.86781	-7.01066
Australopithecus_africanus	4	-6.30532	6.00371	-6.198
Australopithecus_africanus	5	-6.78523	5.8124	-6.84287
Australopithecus_africanus	6	-6.03683	5.83099	-6.86727
Australopithecus_africanus	7	-6.78643	5.90399	-5.80555
Australopithecus_africanus	8	-6.48504	5.69371	-7.35606
Australopithecus_africanus	9	-6.17858	5.85777	-6.25087
Australopithecus_africanus	10	-7.01204	5.70739	-6.45346
Australopithecus_africanus	11	-6.03831	5.63671	-7.33876
Australopithecus_africanus	12	-6.49831	5.83839	-5.66845
Australopithecus_africanus	13	-6.73961	5.6236	-7.27745
Australopithecus_africanus	14	-5.8144	5.65428	-6.59625
Australopithecus_africanus	15	-7.07892	5.72619	-5.73527
Australopithecus_africanus	16	-6.33427	5.41011	-7.6451
Australopithecus_africanus	17	-6.31394	5.6778	-5.8219
Australopithecus_africanus	18	-7.04336	5.53576	-6.72269
Australopithecus_africanus	19	-5.69257	5.49822	-7.0792
Australopithecus_africanus	20	-6.71	5.62145	-5.348
Australopithecus_africanus	21	-6.67548	5.34286	-7.58627
Australopithecus_africanus	22	-5.97558	5.59591	-6.25444
Australopithecus_africanus	23	-7.20388	5.53842	-5.91851
Australopithecus_africanus	24	-6.06637	5.30118	-7.53719
Australopithecus_africanus	25	-6.35316	5.4385	-5.45468
Australopithecus_africanus	26	-6.9863	5.32817	-6.96538
Australopithecus_africanus	27	-5.57098	5.32643	-6.78552
Australopithecus_africanus	28	-6.93157	5.48699	-5.41823
Australopithecus_africanus	29	-6.45149	5.15201	-7.66003
Australopithecus_africanus	30	-6.22519	5.35854	-5.83878
Australopithecus_africanus	31	-7.15655	5.29276	-6.29976
Australopithecus_africanus	32	-5.7683	5.20897	-7.15838
Australopithecus_africanus	33	-6.60049	5.2417	-5.30671
Australopithecus_africanus	34	-6.82122	5.12823	-7.31582
Australopithecus_africanus	35	-5.71795	5.19512	-6.422
Australopithecus_africanus	36	-7.09501	5.23222	-5.68171
Australopithecus_africanus	37	-6.18194	5.04174	-7.44766
Australopithecus_africanus	38	-6.42113	5.09259	-5.67626
Australopithecus_africanus	39	-7.01683	5.05683	-6.52435
Australopithecus_africanus	40	-5.90015	5.11756	-6.76968
Australopithecus_africanus	41	-6.79631	5.09639	-5.56117
Australopithecus_africanus	42	-6.6618	4.99363	-7.10646
Australopithecus_africanus	43	-6.1916	5.037	-6.05775
Australopithecus_africanus	44	-6.99886	4.92793	-6.04505
Australopithecus_africanus	45	-6.29067	4.99089	-6.82275
Australopithecus_africanus	46	-6.61768	4.90876	-5.79352
Australopithecus_africanus	47	-6.79031	4.87424	-6.57667
Australopithecus_africanus	48	-6.41186	4.9054	-6.31415
Australopithecus_africanus	49	-6.75723	4.80599	-6.05398
Australopithecus_africanus	50	-6.67999	4.7898	-6.25792
Tip24	1	-4.72581	-0.796034	-9.75899
Tip24	2	-5.01567	-0.739711	-9.59264
Tip24	3	-4.51806	-0.721096	-10.0853
Tip24	4	-4.57406	-0.863439	-9.44132
Tip24	5	-5.15452	-0.731441	-9.86112
Tip24	6	-4.08554	-0.86439	-10.0486
Tip24	7	-5.21786	-0.790772	-9.11372
Tip24	8	-4.63867	-0.742488	-10.3155
Tip24	9	-4.26857	-1.08326	-9.57052
Tip24	10	-5.38625	-0.870453	-9.63457
Tip24	11	-4.01682	-0.819808	-10.3752
Tip24	12	-4.86032	-0.951687	-9.07898
Tip24	13	-5.08805	-0.821921	-10.2031
Tip24	14	-3.68722	-1.14601	-9.91965
Tip24	15	-5.55871	-0.909062	-9.04739
Tip24	16	-4.37723	-0.928111	-10.5387
Tip24	17	-4.43915	-1.20844	-9.35512
Tip24	18	-5.40827	-0.99959	-9.86274
Tip24	19	-3.52959	-0.983781	-10.2881
Tip24	20	-5.15314	-1.0316	-8.7875
Tip24	21	-4.89523	-1.0153	-10.4966
Tip24	22	-3.87984	-1.31409	-9.72152
Tip24	23	-5.66247	-1.06439	-9.22839
Tip24	24	-3.94691	-1.06538	-10.5806
Tip24	25	-4.66301	-1.33384	-9.06974
Tip24	26	-5.27453	-1.16508	-10.1386
Tip24	27	-3.34111	-1.2508	-10.1259
Tip24	28	-5.45602	-1.21692	-8.84581
Tip24	29	-4.50712	-1.20749	-10.6143
Tip24	30	-4.24849	-1.45971	-9.50838
Tip24	31	-5.51692	-1.32867	-9.63692
Tip24	32	-3.5234	-1.25651	-10.4129
Tip24	33	-5.06195	-1.46825	-8.839
Tip24	34	-5.05178	-1.33321	-10.3647
Tip24	35	-3.51713	-1.49549	-9.88562
Tip24	36	-5.5731	-1.5122	-9.13583
Tip24	37	-4.05207	-1.38918	-10.5685
Tip24	38	-4.64971	-1.70396	-9.38132
Tip24	39	-5.35392	-1.61244	-9.94329
Tip24	40	-3.56994	-1.54161	-10.2102
Tip24	41	-5.23346	-1.69175	-9.12254
Tip24	42	-4.73417	-1.61123	-10.332
Tip24	43	-4.17949	-1.82348	-9.7693
Tip24	44	-5.41237	-1.76695	-9.64327
Tip24	45	-4.06721	-1.70984	-10.3112
Tip24	46	-4.94998	-1.93218	-9.45765
Tip24	47	-5.00286	-1.89258	-10.0505
Tip24	48	-4.38061	-1.95464	-9.94272
Tip24	49	-5.09115	-1.995	-9.65711
Tip24	50	-4.86184	-2.02735	-9.86692
Tip34	1	-3.25357	-0.342834	-12.1487
Tip34	2	-3.48471	-0.245554	-12.0145
Tip34	3	-3.15403	-0.320529	-12.3999
Tip34	4	-3.09486	-0.379992	-11.8319
Tip34	5	-3.64749	-0.239015	-12.2356
Tip34	6	-2.81433	-0.468293	-12.3186
Tip34	7	-3.55375	-0.243274	-11.5853
Tip34	8	-3.27338	-0.345621	-12.5964
Tip34	9	-2.91684	-0.616775	-11.8702
Tip34	10	-3.82328	-0.311476	-12.036
Tip34	11	-2.79777	-0.479219	-12.6049
Tip34	12	-3.2833	-0.422254	-11.4963
Tip34	13	-3.61822	-0.332977	-12.5398
Tip34	14	-2.51621	-0.713661	-12.1328
Tip34	15	-3.89928	-0.317464	-11.5207
Tip34	16	-3.09177	-0.550986	-12.7506
Tip34	17	-3.01871	-0.701605	-11.6559
Tip34	18	-3.89671	-0.4041	-12.2178
Tip34	19	-2.3966	-0.634225	-12.4362
Tip34	20	-3.52761	-0.474915	-11.1905
Tip34	21	-3.51576	-0.533138	-12.7566
Tip34	22	-2.6584	-0.85871	-11.9419
Tip34	23	-4.04934	-0.439768	-11.6845
Tip34	24	-2.75067	-0.701904	-12.7543
Tip34	25	-3.15148	-0.777825	-11.3976
Tip34	26	-3.81383	-0.584266	-12.4642
Tip34	27	-2.22513	-0.858419	-12.2227
Tip34	28	-3.8062	-0.606078	-11.2531
Tip34	29	-3.22977	-0.770825	-12.8218
Tip34	30	-2.93831	-0.952771	-11.7364
Tip34	31	-3.98224	-0.631367	-12.032
Tip34	32	-2.42158	-0.874999	-12.5572
Tip34	33	-3.47118	-0.83301	-11.167
Tip34	34	-3.67031	-0.770084	-12.6325
Tip34	35	-2.34541	-1.05186	-12.032
Tip34	36	-3.98048	-0.795371	-11.553
Tip34	37	-2.90278	-0.98043	-12.7334
Tip34	38	-3.27678	-1.07549	-11.5997
Tip34	39	-3.89145	-0.911094	-12.2684
Tip34	40	-2.41853	-1.09513	-12.3631
Tip34	41	-3.73148	-0.99554	-11.4373
Tip34	42	-3.42357	-1.05432	-12.5662
Tip34	43	-2.99722	-1.28107	-11.9562
Tip34	44	-3.89631	-0.985215	-11.9689
Tip34	45	-2.88679	-1.19446	-12.5203
Tip34	46	-3.57487	-1.18767	-11.6831
Tip34	47	-3.62911	-1.20104	-12.2885
Tip34	48	-3.17395	-1.35373	-12.1048
Tip34	49	-3.69069	-1.20572	-11.9106
Tip34	50	-3.54303	-1.32124	-12.0584
Homo_sapiens	1	-2.72844	0.22129	-10.3822
Homo_sapiens	2	-2.94845	0.339336	-10.2167
Homo_sapiens	3	-2.61876	0.198718	-10.6842
Homo_sapiens	4	-2.5801	0.219976	-10.0837
Homo_sapiens	5	-3.12603	0.285706	-10.4603
Homo_sapiens	6	-2.2953	0.059201	-10.6345
Homo_sapiens	7	-3.03304	0.376711	-9.80627
Homo_sapiens	8	-2.77679	0.134371	-10.8956
Homo_sapiens	9	-2.3997	-0.0444585	-10.1613
Homo_sapiens	10	-3.28082	0.22673	-10.2367
Homo_sapiens	11	-2.27783	0.0200054	-10.9372
Homo_sapiens	12	-2.77384	0.216741	-9.75279
Homo_sapiens	13	-3.12131	0.133635	-10.7936
Homo_sapiens	14	-2.00947	-0.198265	-10.5055
Homo_sapiens	15	-3.37095	0.260315	-9.75866
Homo_sapiens	16	-2.60081	-0.10192	-11.0777
Homo_sapiens	17	-2.49367	-0.113618	-9.95036
Homo_sapiens	18	-3.35632	0.0886302	-10.4265
Homo_sapiens	19	-1.88729	-0.137264	-10.8428
Homo_sapiens	20	-3.01935	0.161354	-9.49338
Homo_sapiens	21	-3.04877	-0.114566	-11.0695
Homo_sapiens	22	-2.14892	-0.313114	-10.2925
Homo_sapiens	23	-3.49861	0.101533	-9.90781
Homo_sapiens	24	-2.25419	-0.234816	-11.0992
Homo_sapiens	25	-2.63376	-0.174513	-9.69279
Homo_sapiens	26	-3.30997	-0.139405	-10.7001
Homo_sapiens	27	-1.7551	-0.350866	-10.6597
Homo_sapiens	28	-3.282	-0.0109723	-9.53879
Homo_sapiens	29	-2.76143	-0.337439	-11.1493
Homo_sapiens	30	-2.42344	-0.39072	-10.073
Homo_sapiens	31	-3.44854	-0.154944	-10.2273
Homo_sapiens	32	-1.92916	-0.397835	-10.9684
Homo_sapiens	33	-2.94631	-0.237011	-9.4766
Homo_sapiens	34	-3.20049	-0.341926	-10.9084
Homo_sapiens	35	-1.87813	-0.542751	-10.4301
Homo_sapiens	36	-3.44456	-0.265799	-9.79672
Homo_sapiens	37	-2.41983	-0.517679	-11.0738
Homo_sapiens	38	-2.73078	-0.507156	-9.92378
Homo_sapiens	39	-3.40895	-0.473235	-10.4926
Homo_sapiens	40	-1.95762	-0.607776	-10.7631
Homo_sapiens	41	-3.19715	-0.449608	-9.73284
Homo_sapiens	42	-2.972	-0.610801	-10.8642
Homo_sapiens	43	-2.48636	-0.774738	-10.3009
Homo_sapiens	44	-3.40671	-0.520661	-10.2023
Homo_sapiens	45	-2.42389	-0.724813	-10.8672
Homo_sapiens	46	-3.0582	-0.658728	-10.0036
Homo_sapiens	47	-3.15796	-0.719854	-10.5949
Homo_sapiens	48	-2.67087	-0.859238	-10.461
Homo_sapiens	49	-3.19786	-0.708095	-10.2021
Homo_sapiens	50	-3.05006	-0.815404	-10.392
Homo_ergaster	1	-3.56788	0.579823	-10.976
Homo_ergaster	2	-3.8268	0.599793	-10.8072
Homo_ergaster	3	-3.39821	0.638833	-11.3028
Homo_ergaster	4	-3.41067	0.598551	-10.5765
Homo_ergaster	5	-3.99434	0.536823	-11.0984
Homo_ergaster	6	-2.94016	0.599933	-11.2705
Homo_ergaster	7	-3.98045	0.587014	-10.2272
Homo_ergaster	8	-3.54205	0.517979	-11.5509
Homo_ergaster	9	-3.10742	0.444428	-10.7153
Homo_ergaster	10	-4.15597	0.413237	-10.8528
Homo_ergaster	11	-2.87146	0.536351	-11.6049
Homo_ergaster	12	-3.66073	0.482789	-10.1648
Homo_ergaster	13	-3.95853	0.41148	-11.4673
Homo_ergaster	14	-2.51584	0.381745	-11.1171
Homo_ergaster	15	-4.30417	0.42378	-10.1352
Homo_ergaster	16	-3.2562	0.304447	-11.7969
Homo_ergaster	17	-3.27144	0.293479	-10.4838
Homo_ergaster	18	-4.21469	0.233638	-11.0913
Homo_ergaster	19	-2.3524	0.437399	-11.4643
Homo_ergaster	20	-3.9315	0.353943	-9.78656
Homo_ergaster	21	-3.78102	0.176835	-11.7596
Homo_ergaster	22	-2.70782	0.231891	-10.891
Homo_ergaster	23	-4.39498	0.233338	-10.3634
Homo_ergaster	24	-2.77387	0.240086	-11.8062
Homo_ergaster	25	-3.47924	0.111491	-10.1599
Homo_ergaster	26	-4.10185	0.0487398	-11.3943
Homo_ergaster	27	-2.18016	0.223929	-11.2938
Homo_ergaster	28	-4.17918	0.138845	-9.85308
Homo_ergaster	29	-3.38347	0.0015751	-11.8622
Homo_ergaster	30	-3.08378	0.0294863	-10.6887
Homo_ergaster	31	-4.25256	-0.0471708	-10.8149
Homo_ergaster	32	-2.3473	0.14618	-11.6068
Homo_ergaster	33	-3.80626	-0.0595699	-9.84953
Homo_ergaster	34	-3.898	-0.128893	-11.629
Homo_ergaster	35	-2.32481	0.00863495	-11.0751
Homo_ergaster	36	-4.29401	-0.182994	-10.2051
Homo_ergaster	37	-2.86936	-0.112721	-11.7927
Homo_ergaster	38	-3.45907	-0.274205	-10.527
Homo_ergaster	39	-4.11348	-0.356106	-11.1437
Homo_ergaster	40	-2.38742	-0.106427	-11.4055
Homo_ergaster	41	-3.96981	-0.301864	-10.1973
Homo_ergaster	42	-3.57991	-0.378529	-11.5868
Homo_ergaster	43	-3.008	-0.402664	-10.9518
Homo_ergaster	44	-4.11968	-0.444793	-10.7897
Homo_ergaster	45	-2.87482	-0.345391	-11.5368
Homo_ergaster	46	-3.72098	-0.57535	-10.5982
Homo_ergaster	47	-3.80044	-0.603122	-11.2821
Homo_ergaster	48	-3.21359	-0.604142	-11.1412
Homo_ergaster	49	-3.83636	-0.658652	-10.8269
Homo_ergaster	50	-3.65509	-0.708751	-11.0622
Homo_habilis	1	-2.644	-0.0966754	-10.8863
Homo_habilis	2	-2.82592	0.0230657	-10.6961
Homo_habilis	3	-2.62505	-0.166169	-11.2541
Homo_habilis	4	-2.40324	-0.0171657	-10.4684
Homo_habilis	5	-3.06167	-0.0908711	-11.0089
Homo_habilis	6	-2.2432	-0.307814	-11.1747
Homo_habilis	7	-2.8688	0.0764075	-10.1387
Homo_habilis	8	-2.82548	-0.30499	-11.4846
Homo_habilis	9	-2.16198	-0.304348	-10.6552
Homo_habilis	10	-3.16936	-0.148431	-10.722
Homo_habilis	11	-2.3157	-0.394284	-11.4976
Homo_habilis	12	-2.53785	0.0161957	-10.034
Homo_habilis	13	-3.13888	-0.34316	-11.3782
Homo_habilis	14	-1.90859	-0.508831	-11.0049
Homo_habilis	15	-3.19001	-0.0570917	-10.0763
Homo_habilis	16	-2.67953	-0.599316	-11.657
Homo_habilis	17	-2.22193	-0.345891	-10.3511
Homo_habilis	18	-3.26967	-0.404432	-10.9546
Homo_habilis	19	-1.85142	-0.502492	-11.3441
Homo_habilis	20	-2.76656	-0.0801726	-9.72768
Homo_habilis	21	-3.06478	-0.67183	-11.6261
Homo_habilis	22	-1.94618	-0.595243	-10.7767
Homo_habilis	23	-3.30417	-0.245576	-10.2638
Homo_habilis	24	-2.29315	-0.710062	-11.6623
Homo_habilis	25	-2.33504	-0.38577	-9.99245
Homo_habilis	26	-3.27076	-0.7018	-11.2172
Homo_habilis	27	-1.66368	-0.653349	-11.1287
Homo_habilis	28	-3.02707	-0.320714	-9.81749
Homo_habilis	29	-2.76392	-0.88159	-11.6779
Homo_habilis	30	-2.11788	-0.690212	-10.4807
Homo_habilis	31	-3.21652	-0.681541	-10.6603
Homo_habilis	32	-1.87502	-0.816446	-11.4507
Homo_habilis	33	-2.65683	-0.493619	-9.76852
Homo_habilis	34	-3.13581	-0.950466	-11.4186
Homo_habilis	35	-1.71014	-0.821369	-10.8776
Homo_habilis	36	-3.13199	-0.668614	-10.1503
Homo_habilis	37	-2.33975	-1.0398	-11.5973
Homo_habilis	38	-2.39258	-0.936442	-10.2843
Homo_habilis	39	-3.20116	-1.11478	-10.9288
Homo_habilis	40	-1.8369	-0.996896	-11.1945
Homo_habilis	41	-2.81568	-0.856843	-10.086
Homo_habilis	42	-2.83906	-1.192	-11.3405
Homo_habilis	43	-2.16239	-1.15908	-10.7166
Homo_habilis	44	-3.12085	-1.14321	-10.594
Homo_habilis	45	-2.27978	-1.23949	-11.3115
Homo_habilis	46	-2.68356	-1.2427	-10.365
Homo_habilis	47	-2.94305	-1.39733	-10.9939
Homo_habilis	48	-2.39564	-1.41357	-10.8845
Homo_habilis	49	-2.89304	-1.39367	-10.5851
Homo_habilis	50	-2.76246	-1.503	-10.7842
Australopithecus_afarensis	1	-2.71279	-0.418326	-7.3757
Australopithecus_afarensis	2	-2.93344	-0.387213	-7.14431
Australopithecus_afarensis	3	-2.60858	-0.569863	-7.81327
Australopithecus_afarensis	4	-2.58538	-0.410449	-6.86912
Australopithecus_afarensis	5	-3.02748	-0.614996	-7.53664
Australopithecus_afarensis	6	-2.22422	-0.744514	-7.69233
Australopithecus_afarensis	7	-3.00998	-0.442525	-6.52155
Australopithecus_afarensis	8	-2.76191	-0.808901	-8.05639
Australopithecus_afarensis	9	-2.25716	-0.732167	-7.02514
Australopithecus_afarensis	10	-3.14654	-0.749797	-7.17809
Australopithecus_afarensis	11	-2.26102	-0.88074	-8.08842
Australopithecus_afarensis	12	-2.74329	-0.557359	-6.35966
Australopithecus_afarensis	13	-2.98511	-0.971589	-7.92329
Australopithecus_afarensis	14	-1.81949	-1.02307	-7.47664
Australopithecus_afarensis	15	-3.21264	-0.681151	-6.49554
Australopithecus_afarensis	16	-2.50653	-1.11843	-8.2979
Australopithecus_afarensis	17	-2.37779	-0.892196	-6.63541
Australopithecus_afarensis	18	-3.08424	-1.12619	-7.47864
Australopithecus_afarensis	19	-1.82866	-1.16723	-7.91086
Australopithecus_afarensis	20	-2.97302	-0.71899	-6.06106
Australopithecus_afarensis	21	-2.76848	-1.2904	-8.20348
Australopithecus_afarensis	22	-1.86132	-1.14509	-7.07485
Australopithecus_afarensis	23	-3.26063	-0.93008	-6.77193
Australopithecus_afarensis	24	-2.13518	-1.29801	-8.25804
Australopithecus_afarensis	25	-2.5382	-0.997761	-6.26667
Australopithecus_afarensis	26	-2.91869	-1.43528	-7.78005
Australopithecus_afarensis	27	-1.57582	-1.42227	-7.64935
Australopithecus_afarensis	28	-3.13823	-0.981068	-6.1491
Australopithecus_afarensis	29	-2.47333	-1.51592	-8.29078
Australopithecus_afarensis	30	-2.158	-1.31989	-6.72968
Australopithecus_afarensis	31	-3.05162	-1.46312	-7.15029
Australopithecus_afarensis	32	-1.79591	-1.55838	-8.01493
Australopithecus_afarensis	33	-2.75393	-1.19126	-6.09249
Australopithecus_afarensis	34	-2.7249	-1.69181	-8.00587
Australopithecus_afarensis	35	-1.61546	-1.61797	-7.2663
Australopithecus_afarensis	36	-3.10114	-1.41509	-6.55748
Australopithecus_afarensis	37	-2.11354	-1.75436	-8.14958
Australopithecus_afarensis	38	-2.34508	-1.57887	-6.5282
Australopithecus_afarensis	39	-2.82435	-1.82827	-7.45662
Australopithecus_afarensis	40	-1.71682	-1.81984	-7.68582
Australopithecus_afarensis	41	-2.80666	-1.57523	-6.37885
Australopithecus_afarensis	42	-2.45397	-1.9768	-7.88152
Australopithecus_afarensis	43	-1.99158	-1.83685	-6.92572
Australopithecus_afarensis	44	-2.87196	-1.91855	-7.02007
Australopithecus_afarensis	45	-2.00895	-2.02653	-7.72695
Australopithecus_afarensis	46	-2.491	-1.96724	-6.6615
Australopithecus_afarensis	47	-2.56266	-2.1338	-7.45221
Australopithecus_afarensis	48	-2.10569	-2.11876	-7.20737
Australopithecus_afarensis	49	-2.59247	-2.14289	-6.93947
Australopithecus_afarensis	50	-2.42071	-2.20991	-7.1356
Australopithecus_garhi	1	-3.0801	-3.12877	-3.58409
Australopithecus_garhi	2	-3.31296	-3.14917	-3.28156
Australopithecus_garhi	3	-2.94383	-3.08858	-4.27513
Australopithecus_garhi	4	-3.01289	-3.24696	-2.91924
Australopithecus_garhi	5	-3.40207	-3.25481	-3.81086
Australopithecus_garhi	6	-2.59688	-3.30907	-3.99224
Australopithecus_garhi	7	-3.56285	-3.29417	-2.56191
Australopithecus_garhi	8	-3.18144	-3.29197	-4.62214
Australopithecus_garhi	9	-2.71454	-3.50868	-3.07983
Australopithecus_garhi	10	-3.64434	-3.55271	-3.31856
Australopithecus_garhi	11	-2.64055	-3.29204	-4.65511
Australopithecus_garhi	12	-3.29769	-3.46496	-2.3207
Australopithecus_garhi	13	-3.48939	-3.52577	-4.35782
Australopithecus_garhi	14	-2.28648	-3.55899	-3.71793
Australopithecus_garhi	15	-3.85123	-3.55435	-2.53328
Australopithecus_garhi	16	-3.01449	-3.48033	-4.91528
Australopithecus_garhi	17	-2.91096	-3.77679	-2.51468
Australopithecus_garhi	18	-3.6808	-3.83325	-3.65137
Australopithecus_garhi	19	-2.31008	-3.52865	-4.397
Australopithecus_garhi	20	-3.56507	-3.53223	-2.04531
Australopithecus_garhi	21	-3.4114	-3.71626	-4.72374
Australopithecus_garhi	22	-2.39293	-3.78429	-3.19822
Australopithecus_garhi	23	-3.96858	-3.83846	-2.80362
Australopithecus_garhi	24	-2.65999	-3.62179	-4.88193
Australopithecus_garhi	25	-3.17756	-3.87355	-2.14959
Australopithecus_garhi	26	-3.64346	-4.001	-4.0328
Australopithecus_garhi	27	-2.17938	-3.84324	-4.01689
Australopithecus_garhi	28	-3.838	-3.79321	-2.13601
Australopithecus_garhi	29	-3.14783	-3.83115	-4.82818
Australopithecus_garhi	30	-2.6413	-4.15273	-2.65661
Australopithecus_garhi	31	-3.82823	-4.26855	-3.16201
Australopithecus_garhi	32	-2.42035	-3.83914	-4.5147
Australopithecus_garhi	33	-3.45286	-4.03452	-1.98204
Australopithecus_garhi	34	-3.52837	-4.12614	-4.30976
Australopithecus_garhi	35	-2.21764	-4.11841	-3.49372
Australopithecus_garhi	36	-3.92628	-4.26779	-2.46051
Australopithecus_garhi	37	-2.83143	-4.01134	-4.63451
Australopithecus_garhi	38	-3.0382	-4.41487	-2.3473
Australopithecus_garhi	39	-3.66484	-4.46532	-3.52635
Australopithecus_garhi	40	-2.42987	-4.20104	-3.98273
Australopithecus_garhi	41	-3.58874	-4.4063	-2.17869
Australopithecus_garhi	42	-3.24421	-4.31191	-4.1601
Australopithecus_garhi	43	-2.63024	-4.54073	-2.99437
Australopithecus_garhi	44	-3.74419	-4.73949	-2.91127
Australopithecus_garhi	45	-2.7673	-4.40583	-4.01643
Australopithecus_garhi	46	-3.24052	-4.77499	-2.47969
Australopithecus_garhi	47	-3.36818	-4.758	-3.48801
Australopithecus_garhi	48	-2.81518	-4.72674	-3.31823
Australopithecus_garhi	49	-3.394	-4.93942	-2.81607
Australopithecus_garhi	50	-3.16483	-4.91951	-3.09629
Australopithecus_anamensis	1	-2.99545	0.328149	-6.61913
Australopithecus_anamensis	2	-3.11453	0.299321	-6.39044
Australopithecus_anamensis	3	-3.02691	0.371199	-7.1323
Australopithecus_anamensis	4	-2.65956	0.138106	-6.11096
Australopithecus_anamensis	5	-3.393	0.219217	-6.81739
Australopithecus_anamensis	6	-2.61087	0.173811	-7.05665
Australopithecus_anamensis	7	-3.02314	-0.000800062	-5.87873
Australopithecus_anamensis	8	-3.29792	0.239692	-7.43486
Australopithecus_anamensis	9	-2.38205	-0.161212	-6.25915
Australopithecus_anamensis	10	-3.47159	-0.0429986	-6.49631
Australopithecus_anamensis	11	-2.76815	0.160728	-7.5244
Australopithecus_anamensis	12	-2.6734	-0.246038	-5.73846
Australopithecus_anamensis	13	-3.54235	0.0867207	-7.31444
Australopithecus_anamensis	14	-2.21187	-0.202217	-6.84555
Australopithecus_anamensis	15	-3.31855	-0.246359	-5.91842
Australopithecus_anamensis	16	-3.1009	0.0226366	-7.75489
Australopithecus_anamensis	17	-2.39727	-0.428056	-5.93351
Australopithecus_anamensis	18	-3.63851	-0.200952	-6.84073
Australopithecus_anamensis	19	-2.38635	-0.165574	-7.43432
Australopithecus_anamensis	20	-2.92419	-0.441071	-5.59054
Australopithecus_anamensis	21	-3.40284	-0.147424	-7.6859
Australopithecus_anamensis	22	-2.12423	-0.474599	-6.3779
Australopithecus_anamensis	23	-3.64704	-0.451174	-6.10214
Australopithecus_anamensis	24	-2.78917	-0.21552	-7.77565
Australopithecus_anamensis	25	-2.58781	-0.666684	-5.74421
Australopithecus_anamensis	26	-3.65706	-0.359479	-7.20298
Australopithecus_anamensis	27	-2.20574	-0.495131	-7.10523
Australopithecus_anamensis	28	-3.29954	-0.632231	-5.70808
Australopithecus_anamensis	29	-3.15897	-0.375323	-7.7936
Australopithecus_anamensis	30	-2.27216	-0.754171	-6.03333
Australopithecus_anamensis	31	-3.74952	-0.736241	-6.49487
Australopithecus_anamensis	32	-2.50052	-0.57393	-7.53909
Australopithecus_anamensis	33	-2.87878	-0.861347	-5.65851
Australopithecus_anamensis	34	-3.50905	-0.561382	-7.43845
Australopithecus_anamensis	35	-2.17506	-0.772465	-6.71597
Australopithecus_anamensis	36	-3.52606	-0.953931	-6.00194
Australopithecus_anamensis	37	-2.91811	-0.691301	-7.67069
Australopithecus_anamensis	38	-2.5541	-1.0154	-5.94751
Australopithecus_anamensis	39	-3.58986	-0.88482	-6.81532
Australopithecus_anamensis	40	-2.43519	-0.882945	-7.20109
Australopithecus_anamensis	41	-3.11874	-1.11645	-5.85189
Australopithecus_anamensis	42	-3.20411	-0.889356	-7.34809
Australopithecus_anamensis	43	-2.37436	-1.07388	-6.37075
Australopithecus_anamensis	44	-3.50763	-1.18895	-6.39607
Australopithecus_anamensis	45	-2.75315	-1.01615	-7.24874
Australopithecus_anamensis	46	-2.90713	-1.29402	-6.1436
Australopithecus_anamensis	47	-3.30347	-1.21084	-6.86498
Australopithecus_anamensis	48	-2.63061	-1.25135	-6.73562
Australopithecus_anamensis	49	-3.19789	-1.37084	-6.39846
Australopithecus_anamensis	50	-3.0419	-1.36359	-6.62005
Tip78	1	-1.05291	-1.43217	-9.78089
Tip78	2	-1.4272	-1.55243	-9.45965
Tip78	3	-0.766976	-1.44104	-10.2436
Tip78	4	-1.13791	-1.79479	-9.22758
Tip78	5	-1.34142	-1.7043	-9.86057
Tip78	6	-0.433485	-1.61542	-10.1918
Tip78	7	-1.84919	-1.8625	-8.73494
Tip78	8	-0.916514	-1.70842	-10.5497
Tip78	9	-0.768689	-2.04453	-9.30984
Tip78	10	-1.71583	-2.15732	-9.39864
Tip78	11	-0.359824	-1.7686	-10.6827
Tip78	12	-1.62244	-2.05018	-8.51948
Tip78	13	-1.25051	-1.97784	-10.3044
Tip78	14	-0.148333	-1.93929	-9.8749
Tip78	15	-2.20792	-2.1298	-8.63207
Tip78	16	-0.637423	-2.09413	-10.9262
Tip78	17	-1.14099	-2.44806	-8.75175
Tip78	18	-1.65446	-2.50594	-9.70189
Tip78	19	0.104573	-2.0113	-10.4185
Tip78	20	-1.98151	-2.20292	-8.18025
Tip78	21	-0.999749	-2.29637	-10.7298
Tip78	22	-0.455709	-2.36742	-9.37881
Tip78	23	-2.30013	-2.4492	-8.81326
Tip78	24	-0.107756	-2.31069	-10.7485
Tip78	25	-1.55328	-2.56433	-8.34986
Tip78	26	-1.39571	-2.82634	-10.0197
Tip78	27	0.214848	-2.26176	-10.0371
Tip78	28	-2.19232	-2.41522	-8.19424
Tip78	29	-0.50452	-2.61792	-10.8918
Tip78	30	-0.954374	-2.8538	-8.81571
Tip78	31	-1.9681	-2.98059	-9.21623
Tip78	32	0.22536	-2.60545	-10.4404
Tip78	33	-1.77338	-2.67006	-8.13143
Tip78	34	-1.11296	-2.95628	-10.4249
Tip78	35	-0.142101	-2.74059	-9.66797
Tip78	36	-2.14008	-2.81029	-8.51061
Tip78	37	-0.126717	-2.90408	-10.6181
Tip78	38	-1.24254	-2.94574	-8.41319
Tip78	39	-1.6631	-3.31461	-9.42257
Tip78	40	0.0725554	-2.87788	-10.0765
Tip78	41	-1.73456	-2.95489	-8.17458
Tip78	42	-0.753489	-3.21875	-10.2942
Tip78	43	-0.6562	-3.31154	-9.02608
Tip78	44	-1.69763	-3.20975	-8.76368
Tip78	45	-0.270529	-3.20031	-10.2238
Tip78	46	-1.30599	-3.32524	-8.34513
Tip78	47	-1.23793	-3.56728	-9.4818
Tip78	48	-0.679225	-3.51499	-9.37972
Tip78	49	-1.38865	-3.4528	-8.55962
Tip78	50	-1.13624	-3.58704	-9.04162
Tip85	1	-2.62502	-0.995811	-9.65666
Tip85	2	-3.10417	-1.14911	-9.25375
Tip85	3	-2.19753	-0.92174	-10.1309
Tip85	4	-2.91507	-1.44953	-9.02812
Tip85	5	-2.93132	-1.22546	-9.71889
Tip85	6	-1.90449	-1.14695	-10.0985
Tip85	7	-3.64399	-1.49561	-8.34478
Tip85	8	-2.30972	-1.13975	-10.4092
Tip85	9	-2.55599	-1.76268	-9.19997
Tip85	10	-3.4725	-1.76602	-9.1362
Tip85	11	-1.76057	-1.28708	-10.6059
Tip85	12	-3.45367	-1.76169	-8.17251
Tip85	13	-2.76769	-1.44567	-10.2136
Tip85	14	-1.72615	-1.63008	-9.86254
Tip85	15	-3.97079	-1.78127	-8.20927
Tip85	16	-2.03264	-1.569	-10.8865
Tip85	17	-3.00202	-2.22483	-8.55166
Tip85	18	-3.42765	-2.09139	-9.55956
Tip85	19	-1.34719	-1.69818	-10.4156
Tip85	20	-3.76741	-1.92696	-7.77687
Tip85	21	-2.44542	-1.7517	-10.6958
Tip85	22	-2.19449	-2.12364	-9.38069
Tip85	23	-4.05255	-2.12987	-8.40486
Tip85	24	-1.53883	-1.90178	-10.7608
Tip85	25	-3.4133	-2.4053	-8.01939
Tip85	26	-3.10279	-2.35668	-10.0281
Tip85	27	-1.28097	-2.02897	-10.097
Tip85	28	-3.94813	-2.14407	-7.82288
Tip85	29	-1.95508	-2.13997	-10.8947
Tip85	30	-2.76656	-2.63461	-8.72457
Tip85	31	-3.70526	-2.67679	-9.03155
Tip85	32	-1.26988	-2.31997	-10.4975
Tip85	33	-3.57823	-2.52497	-7.81455
Tip85	34	-2.68401	-2.46813	-10.4677
Tip85	35	-1.80392	-2.47772	-9.75355
Tip85	36	-3.92465	-2.63411	-8.21123
Tip85	37	-1.6332	-2.51146	-10.6692
Tip85	38	-3.01625	-2.82643	-8.25923
Tip85	39	-3.37725	-2.94918	-9.41292
Tip85	40	-1.48764	-2.61149	-10.1543
Tip85	41	-3.49483	-2.86164	-7.94129
Tip85	42	-2.37487	-2.76865	-10.3772
Tip85	43	-2.35729	-3.00981	-9.17365
Tip85	44	-3.45086	-3.05336	-8.65307
Tip85	45	-1.88286	-2.82197	-10.3315
Tip85	46	-2.9701	-3.20627	-8.30457
Tip85	47	-2.92701	-3.19909	-9.57778
Tip85	48	-2.38957	-3.15931	-9.53217
Tip85	49	-3.04313	-3.31548	-8.55189
Tip85	50	-2.77916	-3.31783	-9.15133
Tip1	1	-0.596473	2.56241	-8.9189
Tip1	2	-0.906875	2.45507	-8.61566
Tip1	3	-0.403111	2.5545	-9.37201
Tip1	4	-0.671411	2.23835	-8.40089
Tip1	5	-0.851094	2.37853	-9.00417
Tip1	6	-0.138629	2.37219	-9.29456
Tip1	7	-1.25093	2.06445	-7.95724
Tip1	8	-0.553699	2.3359	-9.65895
Tip1	9	-0.376717	2.00151	-8.50771
Tip1	10	-1.1748	1.8734	-8.58078
Tip1	11	-0.132609	2.19917	-9.82354
Tip1	12	-1.0479	1.85641	-7.78598
Tip1	13	-0.870289	2.15604	-9.46611
Tip1	14	0.105393	1.99455	-9.02992
Tip1	15	-1.59615	1.76688	-7.85547
Tip1	16	-0.416999	1.92359	-10.1404
Tip1	17	-0.648489	1.57227	-7.97738
Tip1	18	-1.19814	1.58639	-8.92283
Tip1	19	0.32838	1.86371	-9.61254
Tip1	20	-1.38908	1.61355	-7.4538
Tip1	21	-0.692339	1.80382	-9.94192
Tip1	22	-0.117586	1.68699	-8.61552
Tip1	23	-1.66818	1.46021	-8.00784
Tip1	24	0.0790788	1.64401	-9.95629
Tip1	25	-1.02678	1.33088	-7.57697
Tip1	26	-1.07849	1.35894	-9.30221
Tip1	27	0.468475	1.60241	-9.26999
Tip1	28	-1.57387	1.38948	-7.49334
Tip1	29	-0.274275	1.40876	-10.1167
Tip1	30	-0.500528	1.20029	-8.04368
Tip1	31	-1.43463	1.04076	-8.46199
Tip1	32	0.396379	1.27015	-9.68133
Tip1	33	-1.22249	1.1286	-7.40027
Tip1	34	-0.796577	1.21964	-9.69966
Tip1	35	0.105893	1.28873	-8.94567
Tip1	36	-1.57159	1.00336	-7.75591
Tip1	37	0.0759441	1.11847	-9.87066
Tip1	38	-0.742369	0.947771	-7.66529
Tip1	39	-1.17587	0.811184	-8.72379
Tip1	40	0.274185	1.10424	-9.33531
Tip1	41	-1.21952	0.798351	-7.43217
Tip1	42	-0.515148	0.989651	-9.56402
Tip1	43	-0.235847	0.772896	-8.3583
Tip1	44	-1.19566	0.684556	-8.01688
Tip1	45	-0.0759458	0.897784	-9.52639
Tip1	46	-0.815012	0.521252	-7.6601
Tip1	47	-0.830791	0.596512	-8.80188
Tip1	48	-0.348821	0.644551	-8.70774
Tip1	49	-0.879134	0.446795	-7.8772
Tip1	50	-0.665684	0.472292	-8.37251
Tip23	1	0.0867897	-2.62677	-7.80595
Tip23	2	-0.144138	-2.99308	-7.33534
Tip23	3	0.369708	-2.38151	-8.27772
Tip23	4	0.172695	-3.40243	-6.90362
Tip23	5	-0.103081	-2.98425	-7.76126
Tip23	6	0.676608	-2.52103	-8.2253
Tip23	7	-0.335426	-3.33397	-6.42483
Tip23	8	0.282296	-2.59891	-8.52291
Tip23	9	0.398363	-3.64168	-6.97473
Tip23	10	-0.210176	-3.79522	-6.94773
Tip23	11	0.725393	-2.46593	-8.872
Tip23	12	-0.155231	-3.5801	-6.25691
Tip23	13	-0.0156127	-3.05573	-8.15555
Tip23	14	0.948646	-2.99459	-7.86631
Tip23	15	-0.569687	-3.58046	-6.26167
Tip23	16	0.452548	-2.76727	-9.14265
Tip23	17	0.202854	-4.13066	-6.36244
Tip23	18	-0.307892	-4.02563	-7.23189
Tip23	19	1.21187	-2.81922	-8.6432
Tip23	20	-0.342114	-3.63067	-5.88656
Tip23	21	0.226606	-3.11222	-8.76133
Tip23	22	0.603632	-3.87971	-7.06969
Tip23	23	-0.556075	-4.0132	-6.32239
Tip23	24	0.957218	-2.98888	-9.09526
Tip23	25	0.0205371	-4.11501	-5.96942
Tip23	26	-0.193811	-4.14434	-7.61334
Tip23	27	1.34101	-3.26693	-8.13905
Tip23	28	-0.457078	-3.8938	-5.88366
Tip23	29	0.610949	-3.28913	-9.17934
Tip23	30	0.371329	-4.45928	-6.38701
Tip23	31	-0.43854	-4.5505	-6.5736
Tip23	32	1.2657	-3.41207	-8.78514
Tip23	33	-0.118161	-4.21565	-5.77607
Tip23	34	0.147626	-3.99772	-8.26217
Tip23	35	0.931041	-4.06446	-7.48929
Tip23	36	-0.440617	-4.39689	-5.99926
Tip23	37	0.9516	-3.70293	-8.94812
Tip23	38	0.288245	-4.60722	-6.04749
Tip23	39	-0.31797	-4.76294	-6.86292
Tip23	40	1.18238	-3.98127	-8.15246
Tip23	41	-0.0677896	-4.51736	-5.76079
Tip23	42	0.445632	-4.26782	-8.20909
Tip23	43	0.534115	-4.77655	-6.74074
Tip23	44	-0.193058	-4.86475	-6.23981
Tip23	45	0.845769	-4.23469	-8.29401
Tip23	46	0.203591	-4.96245	-6.05475
Tip23	47	0.0076088	-4.9989	-7.04133
Tip23	48	0.42704	-4.90445	-7.03652
Tip23	49	0.0936404	-5.08675	-6.22083
Tip23	50	0.187079	-5.10289	-6.63328
Tip54	1	-0.512455	-0.782407	-7.4547
Tip54	2	-0.743714	-1.07437	-7.09896
Tip54	3	-0.197215	-0.507301	-7.82684
Tip54	4	-0.463749	-1.38356	-6.77311
Tip54	5	-0.723867	-1.08245	-7.44476
Tip54	6	0.137101	-0.587571	-7.74228
Tip54	7	-1.02816	-1.41271	-6.32325
Tip54	8	-0.303559	-0.674933	-8.02902
Tip54	9	-0.261782	-1.59134	-6.85343
Tip54	10	-0.976477	-1.7662	-6.85425
Tip54	11	0.178069	-0.553859	-8.29018
Tip54	12	-0.890979	-1.62082	-6.16868
Tip54	13	-0.661978	-1.11617	-7.794
Tip54	14	0.360989	-1.00813	-7.46973
Tip54	15	-1.32625	-1.66622	-6.14621
Tip54	16	-0.169008	-0.805702	-8.5603
Tip54	17	-0.618701	-2.09819	-6.33541
Tip54	18	-1.09454	-1.9968	-7.1487
Tip54	19	0.576931	-0.841027	-8.1339
Tip54	20	-1.12416	-1.73404	-5.77943
Tip54	21	-0.437793	-1.10548	-8.2816
Tip54	22	-0.0860988	-1.81731	-6.95348
Tip54	23	-1.41066	-2.09405	-6.23121
Tip54	24	0.320813	-0.976945	-8.51748
Tip54	25	-0.84135	-2.17914	-5.89103
Tip54	26	-0.948579	-2.05686	-7.51543
Tip54	27	0.683968	-1.23545	-7.71776
Tip54	28	-1.29085	-2.02478	-5.77154
Tip54	29	-0.0745217	-1.24381	-8.63349
Tip54	30	-0.505598	-2.44048	-6.40253
Tip54	31	-1.32074	-2.60902	-6.59986
Tip54	32	0.58868	-1.33989	-8.2908
Tip54	33	-1.00326	-2.33557	-5.67552
Tip54	34	-0.563003	-1.90012	-7.98001
Tip54	35	0.212958	-1.96579	-7.28177
Tip54	36	-1.36888	-2.52613	-5.9545
Tip54	37	0.245055	-1.58446	-8.48457
Tip54	38	-0.648102	-2.70438	-6.04557
Tip54	39	-1.15115	-2.77849	-6.88765
Tip54	40	0.443249	-1.84932	-7.79636
Tip54	41	-1.01059	-2.70031	-5.73536
Tip54	42	-0.305579	-2.13835	-7.95255
Tip54	43	-0.304169	-2.71803	-6.74323
Tip54	44	-1.15683	-2.96315	-6.30365
Tip54	45	0.0879314	-2.08329	-8.01624
Tip54	46	-0.764951	-3.10504	-6.06841
Tip54	47	-0.850574	-2.97073	-7.05723
Tip54	48	-0.387142	-2.80951	-7.03433
Tip54	49	-0.884986	-3.21698	-6.26871
Tip54	50	-0.723207	-3.13896	-6.6781
Tip21	1	0.393255	-2.16767	-10.0274
Tip21	2	0.172692	-2.29381	-9.57255
Tip21	3	0.661082	-1.96589	-10.5161
Tip21	4	0.508982	-2.53195	-9.30168
Tip21	5	0.206382	-2.40276	-10.0741
Tip21	6	1.02847	-2.08707	-10.4821
Tip21	7	-0.0836555	-2.41717	-8.69402
Tip21	8	0.617577	-2.15929	-10.8552
Tip21	9	0.849215	-2.73678	-9.45546
Tip21	10	0.0258301	-2.84451	-9.44332
Tip21	11	1.03704	-2.10699	-11.1602
Tip21	12	0.0242242	-2.54508	-8.48135
Tip21	13	0.320913	-2.51527	-10.6661
Tip21	14	1.36661	-2.47682	-10.3074
Tip21	15	-0.422277	-2.56229	-8.42619
Tip21	16	0.806674	-2.3537	-11.5153
Tip21	17	0.379706	-2.96917	-8.73697
Tip21	18	-0.0548859	-3.09089	-9.90033
Tip21	19	1.5729	-2.40307	-11.0399
Tip21	20	-0.312202	-2.58178	-7.93449
Tip21	21	0.582592	-2.60162	-11.299
Tip21	22	1.10423	-2.96254	-9.68111
Tip21	23	-0.540896	-2.87605	-8.55998
Tip21	24	1.35488	-2.51524	-11.4939
Tip21	25	-0.000393947	-2.97489	-8.14581
Tip21	26	0.176701	-3.28597	-10.4117
Tip21	27	1.75852	-2.74167	-10.6748
Tip21	28	-0.511363	-2.80494	-7.90721
Tip21	29	1.00964	-2.75221	-11.7038
Tip21	30	0.525464	-3.26859	-8.83649
Tip21	31	-0.310608	-3.41627	-9.07612
Tip21	32	1.7112	-2.82234	-11.3149
Tip21	33	-0.250958	-3.06518	-7.82493
Tip21	34	0.580689	-3.2714	-11.1004
Tip21	35	1.42555	-3.15644	-10.2434
Tip21	36	-0.565607	-3.19558	-8.18262
Tip21	37	1.39866	-3.00682	-11.5482
Tip21	38	0.273044	-3.43292	-8.31733
Tip21	39	-0.0208667	-3.68649	-9.55904
Tip21	40	1.62238	-3.13471	-10.9053
Tip21	41	-0.248604	-3.34178	-7.83799
Tip21	42	0.863575	-3.42907	-11.1044
Tip21	43	0.866488	-3.66535	-9.36493
Tip21	44	-0.186306	-3.68623	-8.61769
Tip21	45	1.25501	-3.36535	-11.1222
Tip21	46	0.209686	-3.77916	-8.30203
Tip21	47	0.353138	-3.9261	-9.8235
Tip21	48	0.805873	-3.84741	-9.81998
Tip21	49	0.133203	-3.92686	-8.56899
Tip21	50	0.431935	-4.03752	-9.25397
Tip14	1	-4.00448	0.179318	-9.31897
Tip14	2	-4.25712	-0.123457	-9.03444
Tip14	3	-3.68927	0.453958	-9.62674
Tip14	4	-3.98894	-0.426255	-8.78666
Tip14	5	-4.25687	-0.134857	-9.36792
Tip14	6	-3.41244	0.327825	-9.59167
Tip14	7	-4.44849	-0.370092	-8.33785
Tip14	8	-3.77223	0.260038	-9.83498
Tip14	9	-3.77601	-0.650789	-8.88579
Tip14	10	-4.50647	-0.783021	-8.91487
Tip14	11	-3.21844	0.300501	-10.0475
Tip14	12	-4.29675	-0.540471	-8.19484
Tip14	13	-4.14027	-0.175562	-9.69009
Tip14	14	-3.16867	-0.0974262	-9.39878
Tip14	15	-4.76432	-0.594916	-8.16375
Tip14	16	-3.49272	-0.00728877	-10.31
Tip14	17	-4.01905	-1.03481	-8.38747
Tip14	18	-4.60565	-1.02836	-9.20126
Tip14	19	-2.8201	0.00487623	-9.94517
Tip14	20	-4.50218	-0.594048	-7.79762
Tip14	21	-3.79241	-0.243626	-10.1237
Tip14	22	-3.53856	-0.896985	-9.06062
Tip14	23	-4.87221	-1.00077	-8.28687
Tip14	24	-3.0082	-0.177635	-10.331
Tip14	25	-4.22835	-1.02591	-7.94316
Tip14	26	-4.41078	-1.11278	-9.54421
Tip14	27	-2.72217	-0.405913	-9.66984
Tip14	28	-4.68223	-0.866853	-7.80301
Tip14	29	-3.37081	-0.459017	-10.471
Tip14	30	-3.86789	-1.4074	-8.43029
Tip14	31	-4.70593	-1.50781	-8.65587
Tip14	32	-2.76434	-0.530239	-10.2
Tip14	33	-4.32913	-1.15373	-7.71106
Tip14	34	-3.9696	-1.03514	-10.0031
Tip14	35	-3.24795	-1.05333	-9.447
Tip14	36	-4.7878	-1.38659	-8.0238
Tip14	37	-3.05198	-0.805707	-10.3876
Tip14	38	-3.93981	-1.57089	-8.05138
Tip14	39	-4.49659	-1.7411	-8.95836
Tip14	40	-2.97796	-1.01141	-9.89415
Tip14	41	-4.31901	-1.51864	-7.7237
Tip14	42	-3.69689	-1.28174	-10.0116
Tip14	43	-3.61084	-1.78607	-8.80175
Tip14	44	-4.43921	-1.83998	-8.31688
Tip14	45	-3.30358	-1.28707	-10.0626
Tip14	46	-3.98253	-1.97125	-8.06391
Tip14	47	-4.14105	-1.94696	-9.10401
Tip14	48	-3.70755	-1.88678	-9.09313
Tip14	49	-4.09295	-2.09304	-8.24621
Tip14	50	-3.95822	-2.12202	-8.71177
Tip41	1	-0.933356	-1.65923	-7.41006
Tip41	2	-1.21755	-1.82179	-7.09029
Tip41	3	-0.731957	-1.51559	-7.82551
Tip41	4	-0.950239	-2.14623	-6.88178
Tip41	5	-1.14184	-1.90468	-7.4734
Tip41	6	-0.408774	-1.72886	-7.77794
Tip41	7	-1.54386	-2.10849	-6.37216
Tip41	8	-0.843872	-1.70924	-8.06031
Tip41	9	-0.647097	-2.43374	-6.99381
Tip41	10	-1.42022	-2.42689	-7.02891
Tip41	11	-0.372197	-1.77594	-8.27869
Tip41	12	-1.39738	-2.35049	-6.26065
Tip41	13	-1.1	-2.04117	-7.85422
Tip41	14	-0.10953	-2.18899	-7.54534
Tip41	15	-1.88769	-2.27269	-6.34333
Tip41	16	-0.670313	-2.02508	-8.55826
Tip41	17	-1.00194	-2.81317	-6.51482
Tip41	18	-1.4402	-2.69694	-7.38585
Tip41	19	0.0926852	-2.16691	-8.15405
Tip41	20	-1.71244	-2.42143	-5.97451
Tip41	21	-0.96289	-2.2728	-8.32492
Tip41	22	-0.369397	-2.77009	-7.17233
Tip41	23	-1.9641	-2.61505	-6.53846
Tip41	24	-0.192453	-2.30012	-8.51602
Tip41	25	-1.37075	-2.87945	-6.14842
Tip41	26	-1.24761	-2.92035	-7.75138
Tip41	27	0.249194	-2.51258	-7.88777
Tip41	28	-1.92223	-2.6125	-6.07386
Tip41	29	-0.576986	-2.55089	-8.63705
Tip41	30	-0.794553	-3.1929	-6.69871
Tip41	31	-1.69675	-3.14681	-7.02113
Tip41	32	0.162007	-2.73449	-8.38928
Tip41	33	-1.55376	-2.97526	-6.00988
Tip41	34	-0.957691	-2.99928	-8.17363
Tip41	35	-0.054983	-3.05099	-7.55729
Tip41	36	-1.91772	-3.05621	-6.38391
Tip41	37	-0.208077	-2.95286	-8.54427
Tip41	38	-1.04018	-3.34706	-6.39276
Tip41	39	-1.432	-3.45346	-7.39132
Tip41	40	0.0619098	-3.15949	-8.03503
Tip41	41	-1.50699	-3.29094	-6.12959
Tip41	42	-0.680953	-3.34156	-8.14798
Tip41	43	-0.454227	-3.63386	-7.12784
Tip41	44	-1.54058	-3.50356	-6.72481
Tip41	45	-0.299627	-3.38107	-8.18755
Tip41	46	-1.08379	-3.70581	-6.49207
Tip41	47	-1.04372	-3.77948	-7.49581
Tip41	48	-0.545668	-3.77068	-7.4109
Tip41	49	-1.1532	-3.80711	-6.69537
Tip41	50	-0.898996	-3.89157	-7.1295
Tip22	1	-0.702186	-0.318938	-7.40355
Tip22	2	-1.03714	-0.567009	-7.03021
Tip22	3	-0.504312	-0.0542314	-7.84122
Tip22	4	-0.818815	-0.849652	-6.75792
Tip22	5	-0.897257	-0.586037	-7.45284
Tip22	6	-0.2064	-0.277246	-7.74418
Tip22	7	-1.43496	-0.930859	-6.2384
Tip22	8	-0.58777	-0.220217	-8.06785
Tip22	9	-0.553404	-1.14348	-6.81383
Tip22	10	-1.2698	-1.21884	-6.87024
Tip22	11	-0.153539	-0.222223	-8.2602
Tip22	12	-1.35082	-1.17521	-6.1022
Tip22	13	-0.817746	-0.63714	-7.83517
Tip22	14	0.0160754	-0.750541	-7.41203
Tip22	15	-1.77341	-1.13381	-6.1856
Tip22	16	-0.423578	-0.471062	-8.50642
Tip22	17	-1.01602	-1.60694	-6.24993
Tip22	18	-1.24643	-1.44915	-7.1962
Tip22	19	0.188503	-0.688742	-8.04304
Tip22	20	-1.66601	-1.26321	-5.83896
Tip22	21	-0.673578	-0.781239	-8.18401
Tip22	22	-0.329997	-1.48401	-6.90411
Tip22	23	-1.85235	-1.4914	-6.3226
Tip22	24	-0.0226223	-0.759866	-8.36016
Tip22	25	-1.40907	-1.72895	-5.93672
Tip22	26	-1.03239	-1.63086	-7.52703
Tip22	27	0.310112	-1.11169	-7.68625
Tip22	28	-1.85667	-1.47313	-5.8991
Tip22	29	-0.330633	-1.05076	-8.43677
Tip22	30	-0.845423	-2.01706	-6.34378
Tip22	31	-1.64198	-1.98907	-6.69434
Tip22	32	0.208961	-1.33436	-8.11889
Tip22	33	-1.57307	-1.87128	-5.81463
Tip22	34	-0.787237	-1.66947	-7.94653
Tip22	35	-0.0768043	-1.75372	-7.25989
Tip22	36	-1.88685	-1.95511	-6.12474
Tip22	37	-0.136351	-1.57643	-8.24903
Tip22	38	-1.11743	-2.23559	-6.06339
Tip22	39	-1.40668	-2.33383	-7.0291
Tip22	40	0.0359734	-1.82444	-7.73187
Tip22	41	-1.56738	-2.21589	-5.86629
Tip22	42	-0.64439	-2.08497	-7.85411
Tip22	43	-0.591053	-2.47883	-6.75992
Tip22	44	-1.60344	-2.44869	-6.35897
Tip22	45	-0.306235	-2.07434	-7.8728
Tip22	46	-1.17368	-2.63937	-6.16176
Tip22	47	-1.11492	-2.68664	-7.1077
Tip22	48	-0.684922	-2.62261	-7.03988
Tip22	49	-1.24508	-2.75847	-6.35263
Tip22	50	-1.00918	-2.80553	-6.75482
Tip5	1	0.00493678	-2.34295	-7.61113
Tip5	2	-0.388217	-2.57182	-7.27441
Tip5	3	0.198229	-1.99871	-8.07721
Tip5	4	-0.201065	-2.83794	-7.0329
Tip5	5	-0.272493	-2.60727	-7.64671
Tip5	6	0.545995	-2.20709	-7.94687
Tip5	7	-0.857116	-2.83414	-6.63033
Tip5	8	0.101979	-2.13996	-8.28156
Tip5	9	0.0321479	-3.10995	-7.07855
Tip5	10	-0.66617	-3.19133	-7.1771
Tip5	11	0.553107	-2.07901	-8.48775
Tip5	12	-0.777313	-3.06354	-6.49746
Tip5	13	-0.209278	-2.61155	-7.9971
Tip5	14	0.735545	-2.65038	-7.65931
Tip5	15	-1.19785	-2.98515	-6.57585
Tip5	16	0.225954	-2.33005	-8.66538
Tip5	17	-0.441481	-3.52847	-6.57501
Tip5	18	-0.750331	-3.38895	-7.44505
Tip5	19	0.8703	-2.49745	-8.29698
Tip5	20	-1.14571	-3.10122	-6.22431
Tip5	21	-0.0997543	-2.69174	-8.31302
Tip5	22	0.212157	-3.38614	-7.195
Tip5	23	-1.26709	-3.34356	-6.68574
Tip5	24	0.603581	-2.5939	-8.55642
Tip5	25	-0.860486	-3.64948	-6.29527
Tip5	26	-0.643076	-3.50013	-7.75696
Tip5	27	0.975991	-2.85773	-7.95861
Tip5	28	-1.3067	-3.31	-6.26864
Tip5	29	0.246883	-2.87617	-8.56659
Tip5	30	-0.318249	-3.88886	-6.61369
Tip5	31	-1.1317	-3.86816	-7.03653
Tip5	32	0.841691	-3.04838	-8.34261
Tip5	33	-1.05192	-3.76835	-6.16267
Tip5	34	-0.408158	-3.4752	-8.1429
Tip5	35	0.439055	-3.58442	-7.50857
Tip5	36	-1.36685	-3.816	-6.46131
Tip5	37	0.412364	-3.29559	-8.40656
Tip5	38	-0.589624	-4.09397	-6.32671
Tip5	39	-0.982344	-4.08718	-7.33229
Tip5	40	0.574644	-3.54662	-7.92375
Tip5	41	-1.09818	-4.08497	-6.17192
Tip5	42	-0.326833	-3.8184	-8.0341
Tip5	43	-0.198739	-4.22757	-7.02074
Tip5	44	-1.13854	-4.27001	-6.63478
Tip5	45	0.0726549	-3.78641	-8.0095
Tip5	46	-0.700255	-4.42747	-6.37517
Tip5	47	-0.750211	-4.37544	-7.36747
Tip5	48	-0.30646	-4.31847	-7.28448
Tip5	49	-0.80902	-4.52731	-6.56776
Tip5	50	-0.620873	-4.51208	-6.99668
Tip80	1	1.98852	-0.692758	-6.00638
Tip80	2	1.68347	-0.965476	-5.59427
Tip80	3	2.07819	-0.422636	-6.42675
Tip80	4	1.8825	-1.28466	-5.33638
Tip80	5	1.80123	-1.00094	-5.99868
Tip80	6	2.41048	-0.692369	-6.33279
Tip80	7	1.3018	-1.31366	-4.91803
Tip80	8	2.01332	-0.600145	-6.61351
Tip80	9	2.11926	-1.60649	-5.38516
Tip80	10	1.48113	-1.67233	-5.44013
Tip80	11	2.38054	-0.5991	-6.88199
Tip80	12	1.39396	-1.59064	-4.74406
Tip80	13	1.86361	-1.07276	-6.33961
Tip80	14	2.64897	-1.24963	-6.04483
Tip80	15	1.00761	-1.51397	-4.864
Tip80	16	2.12667	-0.889613	-7.01733
Tip80	17	1.70188	-2.13607	-4.80629
Tip80	18	1.43318	-1.93229	-5.75556
Tip80	19	2.74989	-1.15589	-6.70377
Tip80	20	1.06426	-1.72987	-4.51274
Tip80	21	1.94791	-1.2657	-6.66531
Tip80	22	2.31668	-1.97315	-5.53986
Tip80	23	0.989709	-1.92229	-4.96611
Tip80	24	2.51783	-1.27267	-6.94847
Tip80	25	1.3556	-2.31347	-4.53067
Tip80	26	1.5209	-2.17622	-6.12019
Tip80	27	2.87578	-1.58938	-6.36549
Tip80	28	0.918348	-1.96701	-4.53861
Tip80	29	2.23586	-1.60021	-6.92196
Tip80	30	1.81485	-2.60054	-4.90001
Tip80	31	1.13944	-2.52674	-5.31116
Tip80	32	2.81233	-1.84589	-6.78628
Tip80	33	1.17661	-2.48345	-4.42941
Tip80	34	1.72345	-2.22665	-6.53131
Tip80	35	2.49882	-2.34104	-5.92906
Tip80	36	0.891797	-2.506	-4.75632
Tip80	37	2.4582	-2.17073	-6.87708
Tip80	38	1.56792	-2.84102	-4.59206
Tip80	39	1.19469	-2.86109	-5.66146
Tip80	40	2.61548	-2.43602	-6.40092
Tip80	41	1.1462	-2.81338	-4.48213
Tip80	42	1.79407	-2.64527	-6.4851
Tip80	43	1.89072	-3.01524	-5.37699
Tip80	44	1.06915	-2.99735	-4.94775
Tip80	45	2.19309	-2.65324	-6.52038
Tip80	46	1.43802	-3.20745	-4.68586
Tip80	47	1.34701	-3.20666	-5.74584
Tip80	48	1.74496	-3.14908	-5.6925
Tip80	49	1.32955	-3.30449	-4.89478
Tip80	50	1.47106	-3.34848	-5.3672
Tip115	1	0.45125	-0.121201	-5.98394
Tip115	2	0.137926	-0.439617	-5.64941
Tip115	3	0.578795	0.143377	-6.30603
Tip115	4	0.292647	-0.745936	-5.4942
Tip115	5	0.257304	-0.441647	-5.98952
Tip115	6	0.844523	-0.0680203	-6.24997
Tip115	7	-0.265939	-0.869391	-5.06425
Tip115	8	0.530862	-0.0255486	-6.46819
Tip115	9	0.516053	-0.98209	-5.5718
Tip115	10	-0.117181	-1.12844	-5.5813
Tip115	11	0.910521	-0.0270193	-6.69822
Tip115	12	-0.256783	-1.13357	-4.95326
Tip115	13	0.336819	-0.459985	-6.27579
Tip115	14	0.988423	-0.539341	-6.10233
Tip115	15	-0.59145	-1.10572	-5.00747
Tip115	16	0.653688	-0.304694	-6.82254
Tip115	17	-0.0177028	-1.56782	-5.08772
Tip115	18	-0.162616	-1.35343	-5.83547
Tip115	19	1.1539	-0.451513	-6.63469
Tip115	20	-0.580022	-1.33257	-4.73292
Tip115	21	0.424097	-0.616637	-6.54267
Tip115	22	0.60982	-1.25009	-5.70283
Tip115	23	-0.635985	-1.46868	-5.15125
Tip115	24	0.964357	-0.588651	-6.83299
Tip115	25	-0.368657	-1.79353	-4.81791
Tip115	26	-0.0719334	-1.49006	-6.14538
Tip115	27	1.2185	-0.799526	-6.4314
Tip115	28	-0.721721	-1.55777	-4.77861
Tip115	29	0.688634	-0.882036	-6.81324
Tip115	30	0.0192017	-1.91792	-5.20067
Tip115	31	-0.612012	-1.9398	-5.52011
Tip115	32	1.19685	-1.06048	-6.79011
Tip115	33	-0.562826	-1.98798	-4.71299
Tip115	34	0.16478	-1.45792	-6.50428
Tip115	35	0.808183	-1.52693	-6.05851
Tip115	36	-0.826692	-2.01239	-4.97902
Tip115	37	0.8585	-1.3407	-6.81063
Tip115	38	-0.204257	-2.22686	-4.88106
Tip115	39	-0.5835	-2.17489	-5.82832
Tip115	40	0.981147	-1.56869	-6.44413
Tip115	41	-0.618261	-2.28758	-4.75644
Tip115	42	0.150006	-1.84389	-6.46224
Tip115	43	0.014797	-2.23387	-5.63376
Tip115	44	-0.738718	-2.39244	-5.17484
Tip115	45	0.57609	-1.79519	-6.51927
Tip115	46	-0.362773	-2.57945	-4.95935
Tip115	47	-0.512549	-2.47718	-5.90327
Tip115	48	-0.10124	-2.36273	-5.88556
Tip115	49	-0.498668	-2.6326	-5.12292
Tip115	50	-0.431489	-2.59781	-5.56571
Tip76	1	2.05796	0.960188	-7.45574
Tip76	2	1.71066	0.748164	-6.96804
Tip76	3	2.22477	1.16097	-7.96848
Tip76	4	1.96574	0.519377	-6.55853
Tip76	5	1.88143	0.762951	-7.50863
Tip76	6	2.54845	0.976345	-7.75921
Tip76	7	1.17703	0.415858	-5.90281
Tip76	8	2.13905	1.04988	-8.23758
Tip76	9	2.23935	0.289042	-6.58741
Tip76	10	1.52607	0.280335	-6.63799
Tip76	11	2.53815	1.02234	-8.39608
Tip76	12	1.27748	0.21727	-5.72091
Tip76	13	1.9355	0.712758	-7.94381
Tip76	14	2.77199	0.544024	-7.34426
Tip76	15	0.830311	0.228232	-5.80553
Tip76	16	2.26566	0.804369	-8.66152
Tip76	17	1.71279	-0.0880447	-5.93003
Tip76	18	1.56539	0.0756713	-7.02125
Tip76	19	2.88508	0.60983	-8.10513
Tip76	20	0.889248	0.038302	-5.46174
Tip76	21	2.02339	0.558856	-8.35187
Tip76	22	2.40621	0.000492012	-6.71657
Tip76	23	0.803579	-0.0417589	-5.98954
Tip76	24	2.65748	0.538609	-8.50097
Tip76	25	1.17666	-0.293224	-5.52002
Tip76	26	1.65563	-0.145209	-7.53537
Tip76	27	2.96444	0.247339	-7.69157
Tip76	28	0.700395	-0.130966	-5.50738
Tip76	29	2.31615	0.291205	-8.5695
Tip76	30	1.85003	-0.483194	-6.06631
Tip76	31	1.03257	-0.426839	-6.44287
Tip76	32	2.82623	0.0115593	-8.24818
Tip76	33	0.944026	-0.472125	-5.42004
Tip76	34	1.79073	-0.240437	-8.08716
Tip76	35	2.51963	-0.30515	-7.24818
Tip76	36	0.68057	-0.525065	-5.7938
Tip76	37	2.43687	-0.211098	-8.39912
Tip76	38	1.45909	-0.707933	-5.76745
Tip76	39	1.17903	-0.768791	-6.94334
Tip76	40	2.55444	-0.405846	-7.83871
Tip76	41	0.932779	-0.792901	-5.53494
Tip76	42	1.79618	-0.6491	-8.02806
Tip76	43	1.96114	-0.938321	-6.65729
Tip76	44	0.954403	-0.905623	-6.15753
Tip76	45	2.12301	-0.659223	-8.01383
Tip76	46	1.29647	-1.12886	-5.97257
Tip76	47	1.36764	-1.17537	-7.05701
Tip76	48	1.8008	-1.12896	-7.01527
Tip76	49	1.22809	-1.22821	-6.18933
Tip76	50	1.46158	-1.26682	-6.64428
Tip19	1	1.74976	0.354852	-7.68987
Tip19	2	1.37675	0.147795	-7.21386
Tip19	3	1.94232	0.573949	-8.18635
Tip19	4	1.62525	-0.0857147	-6.80084
Tip19	5	1.56784	0.151725	-7.74764
Tip19	6	2.26617	0.380426	-7.98594
Tip19	7	0.827347	-0.14682	-6.16673
Tip19	8	1.86364	0.467345	-8.44874
Tip19	9	1.9065	-0.313603	-6.83618
Tip19	10	1.1784	-0.311143	-6.90271
Tip19	11	2.26826	0.444951	-8.59257
Tip19	12	0.921315	-0.339804	-5.99141
Tip19	13	1.64817	0.112476	-8.17746
Tip19	14	2.4767	-0.0602135	-7.58409
Tip19	15	0.480371	-0.305417	-6.07861
Tip19	16	2.00323	0.243986	-8.8494
Tip19	17	1.35472	-0.657422	-6.21253
Tip19	18	1.22236	-0.519375	-7.29869
Tip19	19	2.61422	0.0279821	-8.32976
Tip19	20	0.547309	-0.481603	-5.73705
Tip19	21	1.7616	-0.022836	-8.56699
Tip19	22	2.0727	-0.601681	-6.97069
Tip19	23	0.454569	-0.579987	-6.26876
Tip19	24	2.39531	-0.0252804	-8.71145
Tip19	25	0.83604	-0.824443	-5.81007
Tip19	26	1.34602	-0.737687	-7.8027
Tip19	27	2.68788	-0.339544	-7.94508
Tip19	28	0.368066	-0.645421	-5.79139
Tip19	29	2.06886	-0.276426	-8.78897
Tip19	30	1.49176	-1.04818	-6.36669
Tip19	31	0.687299	-0.975811	-6.74556
Tip19	32	2.57018	-0.549212	-8.49783
Tip19	33	0.615976	-0.98299	-5.71996
Tip19	34	1.51989	-0.817106	-8.34286
Tip19	35	2.19961	-0.8959	-7.52105
Tip19	36	0.349095	-1.04269	-6.08901
Tip19	37	2.19285	-0.767516	-8.64008
Tip19	38	1.1152	-1.25051	-6.07226
Tip19	39	0.854548	-1.30925	-7.23961
Tip19	40	2.26836	-0.983894	-8.11119
Tip19	41	0.609251	-1.29488	-5.84329
Tip19	42	1.52009	-1.21628	-8.29265
Tip19	43	1.60137	-1.4902	-6.95508
Tip19	44	0.630553	-1.43392	-6.47568
Tip19	45	1.84782	-1.22907	-8.28097
Tip19	46	0.976354	-1.6518	-6.28545
Tip19	47	1.04384	-1.70696	-7.35328
Tip19	48	1.46169	-1.67774	-7.3048
Tip19	49	0.904737	-1.75057	-6.50525
Tip19	50	1.13485	-1.79916	-6.95557
Tip25	1	2.7897	-0.307633	-9.31903
Tip25	2	2.46829	-0.557113	-8.92237
Tip25	3	2.91679	-0.0815555	-9.7061
Tip25	4	2.78457	-0.773159	-8.59939
Tip25	5	2.61932	-0.555974	-9.38923
Tip25	6	3.23635	-0.247027	-9.53983
Tip25	7	2.00125	-0.838045	-7.9675
Tip25	8	2.80535	-0.213164	-9.94628
Tip25	9	3.06599	-1.0229	-8.62719
Tip25	10	2.33099	-1.09374	-8.72147
Tip25	11	3.17163	-0.212234	-10.0507
Tip25	12	2.10673	-1.03247	-7.83583
Tip25	13	2.6432	-0.598566	-9.76503
Tip25	14	3.53327	-0.724095	-9.16091
Tip25	15	1.62926	-1.02739	-7.86974
Tip25	16	2.88426	-0.456292	-10.3242
Tip25	17	2.52406	-1.39899	-8.06828
Tip25	18	2.33018	-1.33557	-9.05213
Tip25	19	3.52725	-0.654197	-9.83026
Tip25	20	1.70497	-1.17046	-7.53359
Tip25	21	2.69365	-0.751878	-10.0952
Tip25	22	3.22285	-1.3603	-8.71263
Tip25	23	1.584	-1.36132	-8.07191
Tip25	24	3.28371	-0.740555	-10.1807
Tip25	25	2.03114	-1.57483	-7.65226
Tip25	26	2.39031	-1.58909	-9.44012
Tip25	27	3.68155	-1.05109	-9.46146
Tip25	28	1.52341	-1.36213	-7.57954
Tip25	29	2.95949	-1.03739	-10.2728
Tip25	30	2.63801	-1.83864	-8.17203
Tip25	31	1.78175	-1.8196	-8.50062
Tip25	32	3.49143	-1.34659	-9.96176
Tip25	33	1.79011	-1.73849	-7.50356
Tip25	34	2.49213	-1.68398	-9.87154
Tip25	35	3.30834	-1.70721	-9.11054
Tip25	36	1.46799	-1.83947	-7.85405
Tip25	37	3.13329	-1.59243	-10.1005
Tip25	38	2.26608	-2.04242	-7.88341
Tip25	39	1.90162	-2.20384	-8.91054
Tip25	40	3.28945	-1.83521	-9.60093
Tip25	41	1.74476	-2.08845	-7.58149
Tip25	42	2.50716	-2.11697	-9.77553
Tip25	43	2.69751	-2.38699	-8.5914
Tip25	44	1.7108	-2.31104	-8.18725
Tip25	45	2.8375	-2.12733	-9.74803
Tip25	46	2.08354	-2.50089	-8.00277
Tip25	47	2.04262	-2.61321	-8.95573
Tip25	48	2.50732	-2.58815	-8.88251
Tip25	49	1.97414	-2.6327	-8.17769
Tip25	50	2.17214	-2.70413	-8.57925
Tip4	1	1.37036	0.760084	-9.81693
Tip4	2	1.00073	0.488629	-9.44911
Tip4	3	1.57698	1.01402	-10.1676
Tip4	4	1.23875	0.242511	-9.18894
Tip4	5	1.20052	0.517882	-9.8937
Tip4	6	1.8955	0.837753	-10.0463
Tip4	7	0.566338	-0.00568027	-8.56177
Tip4	8	1.52352	0.891066	-10.3996
Tip4	9	1.54175	-0.0400563	-9.25253
Tip4	10	0.764235	-0.181724	-9.27734
Tip4	11	1.91022	0.866203	-10.5534
Tip4	12	0.622546	-0.240995	-8.42036
Tip4	13	1.31947	0.522254	-10.2426
Tip4	14	2.13614	0.368658	-9.80017
Tip4	15	0.21899	-0.280655	-8.46538
Tip4	16	1.67055	0.638535	-10.8095
Tip4	17	0.99316	-0.641932	-8.66749
Tip4	18	0.808742	-0.402233	-9.61073
Tip4	19	2.27443	0.436954	-10.4014
Tip4	20	0.275295	-0.475559	-8.06909
Tip4	21	1.47756	0.386411	-10.5627
Tip4	22	1.73334	-0.385927	-9.35879
Tip4	23	0.158833	-0.637065	-8.61628
Tip4	24	2.06574	0.372183	-10.7169
Tip4	25	0.534548	-0.93706	-8.21351
Tip4	26	1.04029	-0.5933	-10.008
Tip4	27	2.3896	0.019413	-10.0703
Tip4	28	0.0958595	-0.731219	-8.11567
Tip4	29	1.78192	0.0667106	-10.8156
Tip4	30	1.12098	-1.04608	-8.74745
Tip4	31	0.314996	-1.08433	-9.03876
Tip4	32	2.29832	-0.206124	-10.5253
Tip4	33	0.347943	-1.15595	-8.01894
Tip4	34	1.29566	-0.634421	-10.4602
Tip4	35	1.98144	-0.727309	-9.71313
Tip4	36	0.0195582	-1.21266	-8.34186
Tip4	37	1.97619	-0.47663	-10.6803
Tip4	38	0.786327	-1.37127	-8.35093
Tip4	39	0.530953	-1.4028	-9.38969
Tip4	40	2.10163	-0.773661	-10.1502
Tip4	41	0.316652	-1.51441	-8.05324
Tip4	42	1.36003	-1.11363	-10.3438
Tip4	43	1.33887	-1.57944	-9.14412
Tip4	44	0.2597	-1.64585	-8.64267
Tip4	45	1.71335	-1.10934	-10.323
Tip4	46	0.649997	-1.80472	-8.42461
Tip4	47	0.768494	-1.7871	-9.42321
Tip4	48	1.23783	-1.75427	-9.40841
Tip4	49	0.584415	-1.90669	-8.62382
Tip4	50	0.831601	-1.92549	-9.05088
Tip15	1	0.643004	0.746615	-9.38192
Tip15	2	0.287759	0.509534	-9.04866
Tip15	3	0.840824	0.979481	-9.72749
Tip15	4	0.525472	0.256398	-8.77558
Tip15	5	0.460286	0.514763	-9.44981
Tip15	6	1.15769	0.785692	-9.61414
Tip15	7	-0.105344	0.103633	-8.16651
Tip15	8	0.79484	0.840971	-9.94542
Tip15	9	0.824908	-0.0339652	-8.82846
Tip15	10	0.046967	-0.112568	-8.87776
Tip15	11	1.18508	0.809877	-10.1034
Tip15	12	-0.0326106	-0.11685	-8.03204
Tip15	13	0.567287	0.477037	-9.78697
Tip15	14	1.38208	0.332289	-9.37653
Tip15	15	-0.433166	-0.13439	-8.06428
Tip15	16	0.932108	0.554957	-10.3624
Tip15	17	0.327624	-0.52195	-8.25098
Tip15	18	0.0565822	-0.350602	-9.19706
Tip15	19	1.50787	0.38383	-9.97112
Tip15	20	-0.369415	-0.330978	-7.68696
Tip15	21	0.713706	0.314747	-10.1106
Tip15	22	1.01777	-0.378758	-8.91825
Tip15	23	-0.503447	-0.491903	-8.23016
Tip15	24	1.29407	0.292678	-10.2718
Tip15	25	-0.0972656	-0.774967	-7.83539
Tip15	26	0.260215	-0.545668	-9.57175
Tip15	27	1.63427	-0.0267187	-9.64633
Tip15	28	-0.549284	-0.568492	-7.74457
Tip15	29	0.993759	-0.000944523	-10.3665
Tip15	30	0.464981	-0.927368	-8.32574
Tip15	31	-0.344427	-0.930528	-8.6423
Tip15	32	1.54212	-0.269653	-10.0981
Tip15	33	-0.283935	-0.981207	-7.65711
Tip15	34	0.489298	-0.613989	-10.0132
Tip15	35	1.25922	-0.73498	-9.26958
Tip15	36	-0.619073	-1.03997	-7.963
Tip15	37	1.18888	-0.52755	-10.238
Tip15	38	0.151309	-1.21622	-7.97172
Tip15	39	-0.145195	-1.27756	-8.98194
Tip15	40	1.35433	-0.800592	-9.71636
Tip15	41	-0.303064	-1.33483	-7.68478
Tip15	42	0.569904	-1.05567	-9.90475
Tip15	43	0.662845	-1.46465	-8.74518
Tip15	44	-0.360122	-1.47157	-8.24828
Tip15	45	0.933176	-1.07216	-9.8993
Tip15	46	0.0328106	-1.64118	-8.03992
Tip15	47	0.0994615	-1.64982	-9.02539
Tip15	48	0.546105	-1.64575	-9.01436
Tip15	49	-0.0378874	-1.74279	-8.23082
Tip15	50	0.191426	-1.77387	-8.64814
Tip69	1	3.34103	3.05047	-8.9104
Tip69	2	2.95669	2.95829	-8.57827
Tip69	3	3.49495	3.11584	-9.21557
Tip69	4	3.17545	2.81616	-8.28188
Tip69	5	3.2099	2.84894	-8.98332
Tip69	6	3.90763	3.01262	-9.02351
Tip69	7	2.26566	2.70831	-7.60038
Tip69	8	3.52795	2.97381	-9.39372
Tip69	9	3.53035	2.51005	-8.26908
Tip69	10	2.71159	2.43963	-8.30421
Tip69	11	4.03797	2.89348	-9.4426
Tip69	12	2.34967	2.50975	-7.44808
Tip69	13	3.38614	2.67705	-9.27573
Tip69	14	4.12309	2.72701	-8.73403
Tip69	15	1.89519	2.42721	-7.42078
Tip69	16	3.79804	2.61083	-9.70968
Tip69	17	2.95919	2.13565	-7.70017
Tip69	18	2.7894	2.12327	-8.58065
Tip69	19	4.4226	2.53459	-9.26378
Tip69	20	2.00584	2.23127	-7.01695
Tip69	21	3.60117	2.45306	-9.51719
Tip69	22	3.82127	2.13162	-8.3504
Tip69	23	1.89747	2.06938	-7.51819
Tip69	24	4.24296	2.45577	-9.57937
Tip69	25	2.4153	1.85989	-7.15306
Tip69	26	3.11172	1.7867	-8.92167
Tip69	27	4.54521	2.22083	-8.97441
Tip69	28	1.8446	1.94643	-7.05174
Tip69	29	3.97156	2.16924	-9.69767
Tip69	30	3.25	1.65941	-7.75433
Tip69	31	2.14702	1.51045	-7.92133
Tip69	32	4.5542	1.87532	-9.42292
Tip69	33	2.23531	1.58949	-6.96574
Tip69	34	3.38717	1.57636	-9.30501
Tip69	35	4.18219	1.53005	-8.63226
Tip69	36	1.80069	1.45757	-7.30123
Tip69	37	4.0754	1.63079	-9.55426
Tip69	38	2.85845	1.39918	-7.35659
Tip69	39	2.48371	1.08321	-8.29231
Tip69	40	4.28594	1.37587	-9.06014
Tip69	41	2.23359	1.18407	-7.02642
Tip69	42	3.42149	1.13686	-9.13016
Tip69	43	3.62375	0.929303	-8.07825
Tip69	44	2.24808	0.992414	-7.59502
Tip69	45	3.83889	1.08989	-9.15431
Tip69	46	2.83654	0.859403	-7.4728
Tip69	47	2.82382	0.67824	-8.36607
Tip69	48	3.42496	0.753447	-8.30312
Tip69	49	2.79105	0.715397	-7.6346
Tip69	50	3.00956	0.636621	-8.01884
Tip42	1	0.347424	-0.448929	-10.5474
Tip42	2	-0.132823	-0.778334	-10.2891
Tip42	3	0.612488	-0.133665	-10.7468
Tip42	4	0.0694904	-1.03076	-10.0257
Tip42	5	0.0992518	-0.733811	-10.624
Tip42	6	0.97981	-0.259563	-10.609
Tip42	7	-0.785115	-1.20521	-9.25278
Tip42	8	0.505824	-0.327572	-10.897
Tip42	9	0.31027	-1.30293	-10.0618
Tip42	10	-0.488015	-1.34414	-10.1033
Tip42	11	1.01335	-0.263808	-10.9296
Tip42	12	-0.735577	-1.4272	-9.06703
Tip42	13	0.177284	-0.796105	-10.8245
Tip42	14	1.09065	-0.659418	-10.3722
Tip42	15	-1.09871	-1.45582	-9.00562
Tip42	16	0.627875	-0.653562	-11.1162
Tip42	17	-0.306129	-1.71212	-9.46727
Tip42	18	-0.449138	-1.56189	-10.3617
Tip42	19	1.3581	-0.65285	-10.7626
Tip42	20	-1.00277	-1.62727	-8.54192
Tip42	21	0.324753	-0.979005	-11.013
Tip42	22	0.465775	-1.59153	-10.0855
Tip42	23	-1.12194	-1.78671	-9.15831
Tip42	24	1.04083	-0.839932	-10.9922
Tip42	25	-0.705227	-2.03782	-8.6216
Tip42	26	-0.213402	-1.80518	-10.6181
Tip42	27	1.30744	-1.05807	-10.5431
Tip42	28	-1.13383	-1.8862	-8.57405
Tip42	29	0.584295	-1.20232	-11.1408
Tip42	30	-0.131359	-2.04182	-9.42162
Tip42	31	-0.893397	-2.16522	-9.61031
Tip42	32	1.12723	-1.39784	-10.8921
Tip42	33	-0.833332	-2.21251	-8.38876
Tip42	34	-0.0134779	-1.94108	-10.8657
Tip42	35	0.71145	-1.8506	-10.2861
Tip42	36	-1.15406	-2.29852	-8.8011
Tip42	37	0.610311	-1.76613	-10.9865
Tip42	38	-0.415074	-2.31102	-8.78276
Tip42	39	-0.725663	-2.42225	-9.91511
Tip42	40	0.762692	-1.94557	-10.5784
Tip42	41	-0.826185	-2.46716	-8.37549
Tip42	42	0.0153633	-2.30012	-10.7085
Tip42	43	0.0959504	-2.49682	-9.69901
Tip42	44	-0.856646	-2.63741	-9.01921
Tip42	45	0.346423	-2.29907	-10.6666
Tip42	46	-0.46301	-2.66861	-8.80305
Tip42	47	-0.48296	-2.74188	-9.88104
Tip42	48	-0.0232721	-2.66355	-9.91401
Tip42	49	-0.522504	-2.78486	-9.00652
Tip42	50	-0.357244	-2.81714	-9.48438
Tip77	1	0.999204	-1.0705	-10.3168
Tip77	2	0.584841	-1.38091	-10.1667
Tip77	3	1.18567	-0.756453	-10.461
Tip77	4	0.805567	-1.62748	-9.92882
Tip77	5	0.801411	-1.34124	-10.4534
Tip77	6	1.56902	-0.902516	-10.2995
Tip77	7	-0.178845	-1.66645	-9.36838
Tip77	8	1.11684	-0.942083	-10.6241
Tip77	9	1.05017	-1.90662	-9.99862
Tip77	10	0.184183	-1.93131	-10.131
Tip77	11	1.59204	-0.902019	-10.6045
Tip77	12	-0.139116	-1.85671	-9.21245
Tip77	13	0.869704	-1.39738	-10.6476
Tip77	14	1.74992	-1.29481	-10.125
Tip77	15	-0.529436	-1.83789	-9.18764
Tip77	16	1.264	-1.25711	-10.8678
Tip77	17	0.388998	-2.21372	-9.5368
Tip77	18	0.244697	-2.1555	-10.3928
Tip77	19	1.99491	-1.27311	-10.4991
Tip77	20	-0.479656	-1.95796	-8.77128
Tip77	21	0.999366	-1.56023	-10.8492
Tip77	22	1.20608	-2.20071	-10.0553
Tip77	23	-0.54389	-2.15051	-9.35266
Tip77	24	1.68334	-1.44634	-10.7371
Tip77	25	-0.110751	-2.36603	-8.85378
Tip77	26	0.495889	-2.38172	-10.6261
Tip77	27	1.97874	-1.64888	-10.3391
Tip77	28	-0.597383	-2.19072	-8.8127
Tip77	29	1.24175	-1.77438	-10.9764
Tip77	30	0.610395	-2.53235	-9.52297
Tip77	31	-0.246198	-2.59197	-9.7911
Tip77	32	1.79112	-1.93412	-10.7482
Tip77	33	-0.242978	-2.49219	-8.6649
Tip77	34	0.688862	-2.4965	-10.8813
Tip77	35	1.44733	-2.4437	-10.2802
Tip77	36	-0.573325	-2.59545	-9.04983
Tip77	37	1.30183	-2.33084	-10.9372
Tip77	38	0.240867	-2.65449	-8.98857
Tip77	39	-0.0288801	-2.88489	-10.0778
Tip77	40	1.47234	-2.52223	-10.5761
Tip77	41	-0.214584	-2.73759	-8.67647
Tip77	42	0.722122	-2.85202	-10.7638
Tip77	43	0.871793	-2.99453	-9.8265
Tip77	44	-0.21528	-2.96491	-9.28329
Tip77	45	1.05634	-2.86751	-10.7105
Tip77	46	0.200034	-2.99543	-9.03961
Tip77	47	0.246538	-3.20354	-10.0502
Tip77	48	0.743103	-3.16211	-10.0381
Tip77	49	0.163703	-3.14373	-9.24491
Tip77	50	0.385205	-3.25504	-9.67888
Tip43	1	3.87139	-0.67559	-8.13324
Tip43	2	3.38073	-0.866793	-8.04361
Tip43	3	4.04048	-0.38721	-8.33391
Tip43	4	3.68843	-1.12647	-7.81055
Tip43	5	3.73236	-0.900965	-8.26389
Tip43	6	4.39269	-0.602701	-8.16663
Tip43	7	2.56843	-1.05077	-7.42315
Tip43	8	4.02615	-0.550531	-8.48379
Tip43	9	4.0122	-1.40044	-7.8344
Tip43	10	3.05688	-1.35354	-8.02988
Tip43	11	4.46845	-0.561498	-8.52502
Tip43	12	2.61673	-1.25208	-7.32693
Tip43	13	3.86199	-0.964138	-8.45027
Tip43	14	4.57043	-1.00907	-7.96154
Tip43	15	2.20722	-1.18086	-7.33731
Tip43	16	4.21036	-0.882212	-8.73966
Tip43	17	3.27077	-1.73189	-7.54725
Tip43	18	3.19126	-1.59399	-8.26064
Tip43	19	4.85824	-0.979454	-8.36085
Tip43	20	2.23177	-1.30505	-6.99975
Tip43	21	4.0577	-1.13799	-8.64281
Tip43	22	4.24249	-1.69515	-7.86906
Tip43	23	2.22791	-1.51638	-7.46839
Tip43	24	4.68603	-1.06968	-8.60671
Tip43	25	2.64715	-1.78774	-7.10753
Tip43	26	3.5234	-1.81309	-8.45608
Tip43	27	4.89727	-1.33189	-8.1744
Tip43	28	2.12462	-1.553	-7.0548
Tip43	29	4.34287	-1.36648	-8.78809
Tip43	30	3.55507	-2.11007	-7.57352
Tip43	31	2.53362	-2.03759	-7.81547
Tip43	32	4.86328	-1.58825	-8.52
Tip43	33	2.42613	-1.94396	-6.93732
Tip43	34	3.74468	-1.95214	-8.71122
Tip43	35	4.53969	-2.04346	-8.0922
Tip43	36	2.15882	-1.9956	-7.26591
Tip43	37	4.47588	-1.86311	-8.76743
Tip43	38	3.07052	-2.21932	-7.21149
Tip43	39	2.76701	-2.38143	-8.10026
Tip43	40	4.62103	-2.10084	-8.41523
Tip43	41	2.42135	-2.26048	-6.95157
Tip43	42	3.72462	-2.33909	-8.66682
Tip43	43	3.78814	-2.64359	-7.83581
Tip43	44	2.46667	-2.4834	-7.46265
Tip43	45	4.13415	-2.40001	-8.62319
Tip43	46	2.96409	-2.64724	-7.26215
Tip43	47	3.04918	-2.77572	-8.1519
Tip43	48	3.61518	-2.79102	-8.05445
Tip43	49	2.88863	-2.75771	-7.4437
Tip43	50	3.1372	-2.89872	-7.82573
Tip38	1	2.7209	-0.711398	-10.1456
Tip38	2	2.31086	-0.848121	-10.0458
Tip38	3	2.97935	-0.419921	-10.3032
Tip38	4	2.67565	-1.05915	-9.8333
Tip38	5	2.63009	-0.910161	-10.2991
Tip38	6	3.44033	-0.604979	-10.0783
Tip38	7	1.61239	-0.964507	-9.42465
Tip38	8	2.95661	-0.55334	-10.4796
Tip38	9	3.11134	-1.31321	-9.7825
Tip38	10	2.09658	-1.2413	-10.0266
Tip38	11	3.49583	-0.54011	-10.4457
Tip38	12	1.72788	-1.16723	-9.35337
Tip38	13	2.78382	-0.943403	-10.4834
Tip38	14	3.71524	-0.947263	-9.82918
Tip38	15	1.26497	-1.05831	-9.28429
Tip38	16	3.23521	-0.797905	-10.7429
Tip38	17	2.50774	-1.605	-9.5286
Tip38	18	2.30316	-1.46675	-10.2341
Tip38	19	4.0224	-0.857452	-10.2401
Tip38	20	1.32227	-1.1895	-8.98505
Tip38	21	3.10276	-1.06504	-10.6716
Tip38	22	3.42786	-1.54096	-9.74953
Tip38	23	1.29184	-1.32701	-9.43836
Tip38	24	3.85302	-0.91375	-10.5084
Tip38	25	1.86594	-1.58902	-9.11979
Tip38	26	2.67535	-1.64475	-10.4327
Tip38	27	4.11351	-1.14981	-9.9741
Tip38	28	1.22409	-1.3896	-9.02978
Tip38	29	3.46648	-1.24499	-10.7236
Tip38	30	2.92095	-1.86242	-9.44565
Tip38	31	1.79315	-1.74717	-9.76476
Tip38	32	4.11215	-1.39541	-10.2964
Tip38	33	1.66055	-1.70906	-8.90768
Tip38	34	2.90126	-1.70198	-10.6198
Tip38	35	3.81248	-1.77296	-9.81339
Tip38	36	1.38642	-1.74084	-9.22053
Tip38	37	3.66593	-1.65827	-10.5371
Tip38	38	2.51074	-1.99232	-9.1131
Tip38	39	2.14595	-2.01062	-9.95945
Tip38	40	3.91565	-1.82473	-10.1028
Tip38	41	1.75446	-2.01253	-8.90913
Tip38	42	3.02076	-1.99431	-10.4954
Tip38	43	3.24688	-2.22656	-9.57739
Tip38	44	1.91545	-2.18147	-9.37503
Tip38	45	3.44346	-2.0301	-10.3625
Tip38	46	2.48716	-2.28115	-9.09234
Tip38	47	2.55286	-2.32426	-9.95095
Tip38	48	3.07797	-2.30446	-9.79761
Tip38	49	2.44557	-2.34782	-9.26169
Tip38	50	2.72821	-2.41822	-9.59
Tip49	1	3.54529	-4.10544	-10.5371
Tip49	2	3.18052	-4.31128	-10.4385
Tip49	3	3.65844	-3.72692	-10.715
Tip49	4	3.53773	-4.51894	-10.2434
Tip49	5	3.45763	-4.3521	-10.7138
Tip49	6	4.08657	-3.89667	-10.5502
Tip49	7	2.52826	-4.14811	-9.69651
Tip49	8	3.66323	-3.90408	-10.911
Tip49	9	3.88071	-4.69674	-10.2611
Tip49	10	2.94821	-4.70149	-10.3514
Tip49	11	4.16621	-3.85765	-10.9513
Tip49	12	2.63631	-4.3597	-9.6143
Tip49	13	3.57162	-4.39908	-10.8822
Tip49	14	4.33908	-4.23855	-10.3094
Tip49	15	2.18349	-4.12686	-9.57322
Tip49	16	3.93113	-4.2027	-11.2232
Tip49	17	3.33524	-4.94901	-9.86522
Tip49	18	3.11837	-4.96372	-10.57
Tip49	19	4.63834	-4.17564	-10.7421
Tip49	20	2.21221	-4.15953	-9.18863
Tip49	21	3.85028	-4.50446	-11.1104
Tip49	22	4.16404	-4.87095	-10.2665
Tip49	23	2.22391	-4.47534	-9.7404
Tip49	24	4.52083	-4.27179	-11.0388
Tip49	25	2.72679	-4.7249	-9.37743
Tip49	26	3.4633	-5.10778	-10.8031
Tip49	27	4.71756	-4.44006	-10.4973
Tip49	28	2.12287	-4.3831	-9.24874
Tip49	29	4.18224	-4.61818	-11.2418
Tip49	30	3.69291	-5.13893	-9.86615
Tip49	31	2.64671	-5.12023	-10.0257
Tip49	32	4.7988	-4.67041	-10.8913
Tip49	33	2.51011	-4.74621	-9.14438
Tip49	34	3.70601	-5.12627	-11.0534
Tip49	35	4.56313	-5.02627	-10.3852
Tip49	36	2.24689	-4.84397	-9.48346
Tip49	37	4.44176	-4.96342	-11.1123
Tip49	38	3.28387	-5.09377	-9.42173
Tip49	39	2.94626	-5.41911	-10.2573
Tip49	40	4.69185	-5.06728	-10.7137
Tip49	41	2.57104	-5.03106	-9.14562
Tip49	42	3.82935	-5.35945	-10.9306
Tip49	43	4.02003	-5.4472	-10.0222
Tip49	44	2.71235	-5.35359	-9.6065
Tip49	45	4.23924	-5.33873	-10.8866
Tip49	46	3.21849	-5.35219	-9.36111
Tip49	47	3.36006	-5.65858	-10.2618
Tip49	48	3.89204	-5.57531	-10.2276
Tip49	49	3.18758	-5.46574	-9.52958
Tip49	50	3.49264	-5.63698	-9.91419
Tip64	1	3.50562	0.0176707	-10.2631
Tip64	2	2.98549	-0.195069	-10.0481
Tip64	3	3.74959	0.334199	-10.4777
Tip64	4	3.28911	-0.377631	-9.84063
Tip64	5	3.37195	-0.200747	-10.3694
Tip64	6	4.14736	0.201337	-10.3362
Tip64	7	2.21161	-0.383198	-9.14699
Tip64	8	3.74842	0.192853	-10.6458
Tip64	9	3.67937	-0.560968	-9.84146
Tip64	10	2.65466	-0.62037	-9.89153
Tip64	11	4.26665	0.253927	-10.7157
Tip64	12	2.26426	-0.581951	-9.02948
Tip64	13	3.54594	-0.21775	-10.5656
Tip64	14	4.33559	-0.125431	-10.0919
Tip64	15	1.83386	-0.525165	-8.95294
Tip64	16	4.0149	-0.0319885	-10.9375
Tip64	17	2.95452	-0.939756	-9.30931
Tip64	18	2.82222	-0.800557	-10.1225
Tip64	19	4.65277	-0.0659083	-10.5592
Tip64	20	1.8304	-0.644257	-8.59634
Tip64	21	3.83541	-0.302594	-10.7851
Tip64	22	3.94189	-0.803388	-9.82461
Tip64	23	1.82323	-0.796855	-9.11002
Tip64	24	4.52804	-0.153329	-10.8362
Tip64	25	2.29147	-1.01818	-8.72899
Tip64	26	3.23455	-0.919401	-10.3639
Tip64	27	4.676	-0.378265	-10.256
Tip64	28	1.70669	-0.85342	-8.62529
Tip64	29	4.16457	-0.449014	-10.9298
Tip64	30	3.31078	-1.20334	-9.25759
Tip64	31	2.20869	-1.20666	-9.44381
Tip64	32	4.69651	-0.620603	-10.603
Tip64	33	2.05345	-1.16485	-8.50657
Tip64	34	3.51564	-0.95179	-10.6104
Tip64	35	4.32046	-1.05777	-9.93625
Tip64	36	1.79409	-1.21	-8.81829
Tip64	37	4.27585	-0.850368	-10.7546
Tip64	38	2.81184	-1.34404	-8.78296
Tip64	39	2.51104	-1.41746	-9.70052
Tip64	40	4.46295	-1.10492	-10.3008
Tip64	41	2.10309	-1.4721	-8.51269
Tip64	42	3.55533	-1.25489	-10.4556
Tip64	43	3.62439	-1.61207	-9.38447
Tip64	44	2.22713	-1.61009	-8.99373
Tip64	45	3.9836	-1.32622	-10.4119
Tip64	46	2.74844	-1.7011	-8.7145
Tip64	47	2.91837	-1.68241	-9.68121
Tip64	48	3.46158	-1.68887	-9.59537
Tip64	49	2.6993	-1.77927	-8.8989
Tip64	50	3.00573	-1.82796	-9.28073
Tip45	1	3.45479	-0.531866	-8.58255
Tip45	2	2.99729	-0.584272	-8.50637
Tip45	3	3.67655	-0.286266	-8.78521
Tip45	4	3.33002	-0.743081	-8.21826
Tip45	5	3.30721	-0.710417	-8.69845
Tip45	6	4.14586	-0.417445	-8.59207
Tip45	7	2.43466	-0.600049	-7.93598
Tip45	8	3.6473	-0.435873	-8.95079
Tip45	9	3.76723	-0.967441	-8.16325
Tip45	10	2.72244	-0.874504	-8.46045
Tip45	11	4.17711	-0.413259	-8.97436
Tip45	12	2.51202	-0.780058	-7.80674
Tip45	13	3.45117	-0.769323	-8.8681
Tip45	14	4.46493	-0.699882	-8.29027
Tip45	15	2.13258	-0.679228	-7.81041
Tip45	16	3.91281	-0.684529	-9.19734
Tip45	17	3.04274	-1.11816	-7.89694
Tip45	18	2.842	-1.09685	-8.63513
Tip45	19	4.70437	-0.715897	-8.70103
Tip45	20	2.1683	-0.764763	-7.46594
Tip45	21	3.75593	-0.909495	-9.04257
Tip45	22	4.08829	-1.24342	-8.12098
Tip45	23	2.12819	-0.929238	-7.9268
Tip45	24	4.51368	-0.83619	-8.97745
Tip45	25	2.57475	-1.12796	-7.55216
Tip45	26	3.25519	-1.29677	-8.80702
Tip45	27	4.82102	-0.952094	-8.45271
Tip45	28	2.06737	-0.93329	-7.49184
Tip45	29	4.14361	-1.11234	-9.14798
Tip45	30	3.42854	-1.42577	-7.81597
Tip45	31	2.41308	-1.29714	-8.16093
Tip45	32	4.78951	-1.22274	-8.79171
Tip45	33	2.39483	-1.2379	-7.3759
Tip45	34	3.53281	-1.42089	-8.99931
Tip45	35	4.50304	-1.55828	-8.24434
Tip45	36	2.11725	-1.26323	-7.68471
Tip45	37	4.33615	-1.50524	-9.01285
Tip45	38	2.98283	-1.46559	-7.53457
Tip45	39	2.63283	-1.55541	-8.37184
Tip45	40	4.58405	-1.63327	-8.58566
Tip45	41	2.41556	-1.48455	-7.37283
Tip45	42	3.58427	-1.66789	-8.87512
Tip45	43	3.72916	-1.93117	-7.95045
Tip45	44	2.4513	-1.6495	-7.81333
Tip45	45	4.08273	-1.83305	-8.77081
Tip45	46	2.94859	-1.82342	-7.51426
Tip45	47	2.9748	-1.89678	-8.31175
Tip45	48	3.52893	-1.99058	-8.17331
Tip45	49	2.87157	-1.89174	-7.67742
Tip45	50	3.10355	-2.01468	-7.964
Tip51	1	3.48931	1.93508	-9.00839
Tip51	2	3.16289	1.8528	-8.86971
Tip51	3	3.64498	2.126	-9.25128
Tip51	4	3.49279	1.76811	-8.64125
Tip51	5	3.37965	1.77051	-9.12431
Tip51	6	4.06202	2.03149	-9.08751
Tip51	7	2.78888	1.76015	-8.16964
Tip51	8	3.61772	2.00466	-9.43361
Tip51	9	3.863	1.60461	-8.66388
Tip51	10	2.99148	1.55651	-8.80631
Tip51	11	4.07454	2.00945	-9.49681
Tip51	12	2.92274	1.6174	-8.02509
Tip51	13	3.47995	1.7177	-9.34361
Tip51	14	4.40775	1.7794	-8.81223
Tip51	15	2.53544	1.59337	-7.98076
Tip51	16	3.85233	1.77529	-9.74104
Tip51	17	3.39643	1.41732	-8.25208
Tip51	18	3.09057	1.37213	-9.01088
Tip51	19	4.61903	1.72641	-9.2358
Tip51	20	2.61958	1.49256	-7.61692
Tip51	21	3.72864	1.61448	-9.58768
Tip51	22	4.15396	1.36105	-8.65109
Tip51	23	2.53947	1.36128	-8.12376
Tip51	24	4.44056	1.63796	-9.52946
Tip51	25	3.0835	1.26188	-7.75623
Tip51	26	3.41049	1.25412	-9.26846
Tip51	27	4.77763	1.51219	-8.9992
Tip51	28	2.54305	1.30742	-7.63366
Tip51	29	4.08539	1.43094	-9.72851
Tip51	30	3.75584	1.16939	-8.25319
Tip51	31	2.82625	1.0907	-8.43764
Tip51	32	4.75088	1.26182	-9.36548
Tip51	33	2.95681	1.07849	-7.53704
Tip51	34	3.60793	1.15709	-9.50813
Tip51	35	4.56922	1.01699	-8.80444
Tip51	36	2.60694	1.02256	-7.84738
Tip51	37	4.33069	1.0659	-9.6077
Tip51	38	3.48068	1.00477	-7.82783
Tip51	39	2.97643	0.877884	-8.71387
Tip51	40	4.61208	0.926504	-9.168
Tip51	41	2.9907	0.828235	-7.53879
Tip51	42	3.68276	0.925848	-9.41335
Tip51	43	4.0044	0.674945	-8.45966
Tip51	44	2.95924	0.719854	-8.04451
Tip51	45	4.13596	0.751647	-9.37265
Tip51	46	3.45179	0.623757	-7.80756
Tip51	47	3.32987	0.641157	-8.74573
Tip51	48	3.81736	0.63774	-8.68897
Tip51	49	3.36201	0.566498	-7.97424
Tip51	50	3.52388	0.536474	-8.38762
Tip31	1	3.74515	1.9104	-8.78029
Tip31	2	3.36531	1.80604	-8.67774
Tip31	3	3.91382	2.12861	-8.99275
Tip31	4	3.7365	1.68288	-8.42395
Tip31	5	3.61627	1.74325	-8.89424
Tip31	6	4.37043	1.99514	-8.82408
Tip31	7	2.93491	1.65879	-8.05391
Tip31	8	3.88013	2.0107	-9.16156
Tip31	9	4.13003	1.49468	-8.40841
Tip31	10	3.174	1.49755	-8.63995
Tip31	11	4.37912	2.00081	-9.21735
Tip31	12	3.04742	1.4984	-7.91919
Tip31	13	3.72386	1.70233	-9.08028
Tip31	14	4.71161	1.67906	-8.56196
Tip31	15	2.64907	1.51077	-7.90383
Tip31	16	4.13469	1.77355	-9.45007
Tip31	17	3.57712	1.28519	-8.07527
Tip31	18	3.27755	1.31907	-8.83402
Tip31	19	4.92175	1.63967	-8.9931
Tip31	20	2.70217	1.40243	-7.55568
Tip31	21	3.99633	1.59184	-9.29348
Tip31	22	4.42676	1.23151	-8.40342
Tip31	23	2.66125	1.28095	-8.03492
Tip31	24	4.73141	1.57694	-9.27511
Tip31	25	3.1716	1.14784	-7.66904
Tip31	26	3.6203	1.19169	-9.02184
Tip31	27	5.06639	1.39205	-8.75466
Tip31	28	2.6198	1.21938	-7.58432
Tip31	29	4.36227	1.38251	-9.45074
Tip31	30	3.95389	1.01227	-8.05543
Tip31	31	2.96267	1.00868	-8.3212
Tip31	32	5.04114	1.1592	-9.11035
Tip31	33	3.01226	0.979759	-7.47599
Tip31	34	3.84282	1.09153	-9.24089
Tip31	35	4.83799	0.88176	-8.56049
Tip31	36	2.69883	0.932366	-7.79889
Tip31	37	4.60282	0.97908	-9.33796
Tip31	38	3.5912	0.87223	-7.70606
Tip31	39	3.14442	0.806286	-8.55834
Tip31	40	4.89082	0.80104	-8.90675
Tip31	41	3.04291	0.736086	-7.48978
Tip31	42	3.91385	0.83763	-9.12899
Tip31	43	4.21109	0.52716	-8.24784
Tip31	44	3.05377	0.62851	-7.95808
Tip31	45	4.38924	0.655411	-9.09352
Tip31	46	3.55547	0.496972	-7.69631
Tip31	47	3.49091	0.53055	-8.54367
Tip31	48	4.01265	0.506217	-8.44968
Tip31	49	3.47862	0.446952	-7.8529
Tip31	50	3.67824	0.401413	-8.19645
Tip33	1	0.24531	1.84126	-9.64014
Tip33	2	-0.148982	1.8243	-9.53569
Tip33	3	0.476254	1.9815	-9.83275
Tip33	4	0.105684	1.72079	-9.29683
Tip33	5	0.113445	1.68915	-9.74972
Tip33	6	0.934597	1.85671	-9.671
Tip33	7	-0.666461	1.81629	-8.9484
Tip33	8	0.442604	1.84397	-9.99579
Tip33	9	0.504584	1.44203	-9.26576
Tip33	10	-0.384457	1.57205	-9.51689
Tip33	11	1.01964	1.7797	-10.0398
Tip33	12	-0.621814	1.67348	-8.83952
Tip33	13	0.248921	1.58613	-9.92742
Tip33	14	1.25581	1.58945	-9.36882
Tip33	15	-0.920766	1.72482	-8.80872
Tip33	16	0.769932	1.52907	-10.2577
Tip33	17	-0.138843	1.40629	-8.97575
Tip33	18	-0.25218	1.34429	-9.71029
Tip33	19	1.55011	1.487	-9.75234
Tip33	20	-0.871589	1.63733	-8.47636
Tip33	21	0.56389	1.38105	-10.1333
Tip33	22	0.858949	1.15876	-9.23799
Tip33	23	-0.919985	1.51221	-8.95724
Tip33	24	1.35843	1.35462	-10.0342
Tip33	25	-0.512926	1.33321	-8.59423
Tip33	26	0.131014	1.07595	-9.89248
Tip33	27	1.6677	1.25692	-9.50331
Tip33	28	-0.946788	1.46184	-8.51828
Tip33	29	1.01254	1.08249	-10.2247
Tip33	30	0.27273	1.07772	-8.94819
Tip33	31	-0.659834	1.19801	-9.26259
Tip33	32	1.68355	0.93646	-9.83972
Tip33	33	-0.623895	1.19645	-8.42807
Tip33	34	0.431203	0.852547	-10.1048
Tip33	35	1.34339	0.750633	-9.34085
Tip33	36	-0.90062	1.16845	-8.74586
Tip33	37	1.24268	0.691539	-10.0754
Tip33	38	-0.0799231	1.03233	-8.62422
Tip33	39	-0.417827	0.878159	-9.47559
Tip33	40	1.46316	0.604397	-9.64718
Tip33	41	-0.559046	0.956838	-8.43551
Tip33	42	0.500583	0.610005	-9.97547
Tip33	43	0.673244	0.500818	-9.07967
Tip33	44	-0.586113	0.832863	-8.89225
Tip33	45	0.983983	0.440707	-9.86433
Tip33	46	-0.0679947	0.661516	-8.6189
Tip33	47	-0.062892	0.548617	-9.41672
Tip33	48	0.481816	0.478616	-9.2993
Tip33	49	-0.146318	0.611147	-8.76687
Tip33	50	0.107885	0.471922	-9.05091
Tip48	1	2.06785	2.64771	-10.6143
Tip48	2	1.68197	2.56905	-10.4717
Tip48	3	2.27188	2.80874	-10.817
Tip48	4	1.96121	2.52316	-10.2423
Tip48	5	1.94113	2.48992	-10.7472
Tip48	6	2.72171	2.71342	-10.6901
Tip48	7	1.22303	2.46236	-9.77197
Tip48	8	2.22903	2.66998	-10.9928
Tip48	9	2.3111	2.27397	-10.3002
Tip48	10	1.45181	2.27764	-10.4465
Tip48	11	2.79109	2.64345	-11.0848
Tip48	12	1.28586	2.31618	-9.66399
Tip48	13	2.05949	2.40402	-10.9504
Tip48	14	3.03158	2.4127	-10.4228
Tip48	15	0.946575	2.3061	-9.58559
Tip48	16	2.51013	2.40701	-11.3103
Tip48	17	1.72952	2.12544	-9.89864
Tip48	18	1.55657	2.09655	-10.6799
Tip48	19	3.33068	2.31263	-10.785
Tip48	20	0.968661	2.21299	-9.23551
Tip48	21	2.32593	2.2702	-11.2147
Tip48	22	2.59545	1.99636	-10.3163
Tip48	23	0.953185	2.10578	-9.7549
Tip48	24	3.11862	2.23219	-11.0878
Tip48	25	1.34486	1.94798	-9.45902
Tip48	26	1.90415	1.92368	-10.9243
Tip48	27	3.43475	2.08222	-10.5313
Tip48	28	0.898321	2.01796	-9.2909
Tip48	29	2.74799	2.01043	-11.3182
Tip48	30	2.05504	1.82907	-9.94108
Tip48	31	1.16453	1.83559	-10.1347
Tip48	32	3.39079	1.80344	-10.8662
Tip48	33	1.19245	1.77317	-9.27168
Tip48	34	2.12909	1.76512	-11.1722
Tip48	35	3.02842	1.61652	-10.3845
Tip48	36	0.92852	1.72187	-9.53924
Tip48	37	2.91985	1.60779	-11.1197
Tip48	38	1.70931	1.65741	-9.56431
Tip48	39	1.33918	1.59798	-10.3997
Tip48	40	3.13831	1.49587	-10.6895
Tip48	41	1.21913	1.53595	-9.28815
Tip48	42	2.18483	1.5383	-11.0583
Tip48	43	2.33175	1.29466	-10.1055
Tip48	44	1.19505	1.43586	-9.75287
Tip48	45	2.62495	1.36884	-10.9083
Tip48	46	1.65914	1.28674	-9.56575
Tip48	47	1.64454	1.32505	-10.3947
Tip48	48	2.144	1.28883	-10.3166
Tip48	49	1.57229	1.24741	-9.70051
Tip48	50	1.78299	1.19903	-10.0364
Tip131	1	0.99822	1.08056	-11.2497
Tip131	2	0.696431	1.05892	-11.1402
Tip131	3	1.19703	1.23884	-11.4139
Tip131	4	0.918955	0.967779	-10.9323
Tip131	5	0.862168	0.91388	-11.3906
Tip131	6	1.53879	1.11243	-11.2774
Tip131	7	0.422744	1.07702	-10.4561
Tip131	8	1.15508	1.08522	-11.588
Tip131	9	1.14194	0.657233	-10.9811
Tip131	10	0.480336	0.742141	-11.1347
Tip131	11	1.64722	1.02529	-11.668
Tip131	12	0.487119	0.934902	-10.3814
Tip131	13	0.96968	0.787727	-11.5694
Tip131	14	1.7351	0.829064	-11.0244
Tip131	15	0.242721	0.978373	-10.2869
Tip131	16	1.39738	0.772847	-11.9164
Tip131	17	0.773533	0.63243	-10.64
Tip131	18	0.522636	0.495409	-11.3827
Tip131	19	2.02773	0.758906	-11.3625
Tip131	20	0.302947	0.92913	-9.95563
Tip131	21	1.20736	0.605799	-11.818
Tip131	22	1.37266	0.306149	-10.9942
Tip131	23	0.207226	0.733644	-10.4795
Tip131	24	1.86001	0.628237	-11.6662
Tip131	25	0.547863	0.605404	-10.1754
Tip131	26	0.815713	0.259505	-11.6228
Tip131	27	2.09474	0.520225	-11.133
Tip131	28	0.213845	0.745974	-10.0149
Tip131	29	1.56499	0.359182	-11.903
Tip131	30	0.999562	0.257843	-10.6886
Tip131	31	0.303413	0.356268	-10.8756
Tip131	32	2.12191	0.240455	-11.4626
Tip131	33	0.42051	0.472518	-10.0047
Tip131	34	1.0311	0.0889127	-11.8796
Tip131	35	1.75936	-0.0342791	-11.0581
Tip131	36	0.194643	0.382653	-10.2814
Tip131	37	1.70811	-0.0184576	-11.81
Tip131	38	0.7745	0.233712	-10.2758
Tip131	39	0.399633	0.0623432	-11.1639
Tip131	40	1.85788	-0.117133	-11.3553
Tip131	41	0.414078	0.212973	-9.99371
Tip131	42	1.07385	-0.13113	-11.7896
Tip131	43	1.17833	-0.310319	-10.8121
Tip131	44	0.350163	0.0106659	-10.4973
Tip131	45	1.44549	-0.282943	-11.619
Tip131	46	0.730566	-0.121555	-10.2369
Tip131	47	0.621413	-0.241712	-11.1805
Tip131	48	1.02339	-0.304903	-11.0586
Tip131	49	0.648002	-0.18351	-10.3882
Tip131	50	0.765192	-0.321332	-10.78
Tip89	1	1.65649	-0.305895	-10.2251
Tip89	2	1.23266	-0.354574	-10.1342
Tip89	3	1.89557	-0.0614832	-10.3901
Tip89	4	1.55889	-0.510618	-9.90738
Tip89	5	1.49559	-0.489315	-10.3453
Tip89	6	2.44063	-0.1729	-10.2389
Tip89	7	0.80046	-0.366531	-9.44076
Tip89	8	1.84974	-0.208885	-10.5532
Tip89	9	2.02979	-0.740748	-9.90805
Tip89	10	0.996786	-0.664684	-10.0804
Tip89	11	2.45709	-0.171891	-10.5959
Tip89	12	0.894917	-0.541631	-9.313
Tip89	13	1.6378	-0.557955	-10.5197
Tip89	14	2.79975	-0.429521	-9.98983
Tip89	15	0.537252	-0.436812	-9.25225
Tip89	16	2.16373	-0.482357	-10.8379
Tip89	17	1.38786	-0.898436	-9.53915
Tip89	18	1.09907	-0.891123	-10.2884
Tip89	19	3.09749	-0.459628	-10.3678
Tip89	20	0.600449	-0.485762	-8.8715
Tip89	21	1.95488	-0.70665	-10.7214
Tip89	22	2.41166	-1.00112	-9.84867
Tip89	23	0.509161	-0.719424	-9.38044
Tip89	24	2.89569	-0.618203	-10.6319
Tip89	25	1.00464	-0.875626	-9.03275
Tip89	26	1.49737	-1.07676	-10.4945
Tip89	27	3.24693	-0.696097	-10.1334
Tip89	28	0.499661	-0.68504	-8.8915
Tip89	29	2.45035	-0.909729	-10.8335
Tip89	30	1.84739	-1.18868	-9.49024
Tip89	31	0.747365	-1.12351	-9.72214
Tip89	32	3.21451	-0.98785	-10.4442
Tip89	33	0.860639	-0.98753	-8.81252
Tip89	34	1.80231	-1.19863	-10.6912
Tip89	35	2.92873	-1.2566	-9.92185
Tip89	36	0.539282	-1.05343	-9.11179
Tip89	37	2.73528	-1.29533	-10.6763
Tip89	38	1.4741	-1.2243	-9.07647
Tip89	39	0.953611	-1.39804	-9.98051
Tip89	40	3.03485	-1.36078	-10.2528
Tip89	41	0.899772	-1.23412	-8.80781
Tip89	42	1.92295	-1.44249	-10.5674
Tip89	43	2.24041	-1.69028	-9.62196
Tip89	44	0.869627	-1.45774	-9.31428
Tip89	45	2.48476	-1.60619	-10.4696
Tip89	46	1.47373	-1.60176	-9.05028
Tip89	47	1.3629	-1.70608	-9.97573
Tip89	48	2.02922	-1.75982	-9.873
Tip89	49	1.37706	-1.68118	-9.22824
Tip89	50	1.61852	-1.81111	-9.59941
Tip125	1	3.4811	1.38029	-10.3779
Tip125	2	3.03995	1.2558	-10.2788
Tip125	3	3.67113	1.60448	-10.5402
Tip125	4	3.41542	1.14328	-10.064
Tip125	5	3.32245	1.2105	-10.4791
Tip125	6	4.11046	1.48923	-10.3951
Tip125	7	2.54222	1.10424	-9.66423
Tip125	8	3.63501	1.49538	-10.6797
Tip125	9	3.79862	0.946926	-10.0567
Tip125	10	2.81107	0.928856	-10.2106
Tip125	11	4.1319	1.49985	-10.722
Tip125	12	2.63464	0.941095	-9.57681
Tip125	13	3.43581	1.16446	-10.6126
Tip125	14	4.4363	1.20559	-10.1247
Tip125	15	2.24188	0.949482	-9.5382
Tip125	16	3.87222	1.2208	-10.9123
Tip125	17	3.19031	0.703131	-9.7635
Tip125	18	2.89916	0.713394	-10.3697
Tip125	19	4.65404	1.15842	-10.4792
Tip125	20	2.27792	0.860176	-9.20064
Tip125	21	3.72432	1.03388	-10.7811
Tip125	22	4.10801	0.654741	-9.99958
Tip125	23	2.24163	0.721365	-9.65618
Tip125	24	4.44039	1.06911	-10.7422
Tip125	25	2.67975	0.58754	-9.32313
Tip125	26	3.23323	0.572578	-10.54
Tip125	27	4.77051	0.915641	-10.206
Tip125	28	2.16144	0.677208	-9.21968
Tip125	29	4.07857	0.795103	-10.8724
Tip125	30	3.55236	0.402829	-9.6929
Tip125	31	2.5231	0.413108	-9.86857
Tip125	32	4.7248	0.659197	-10.5231
Tip125	33	2.49459	0.404773	-9.12937
Tip125	34	3.49285	0.480007	-10.7339
Tip125	35	4.48242	0.323303	-10.0491
Tip125	36	2.20664	0.343483	-9.40616
Tip125	37	4.25863	0.414607	-10.7332
Tip125	38	3.13261	0.264091	-9.34149
Tip125	39	2.72483	0.181084	-10.0613
Tip125	40	4.55683	0.232154	-10.3309
Tip125	41	2.51061	0.139088	-9.09965
Tip125	42	3.5462	0.162278	-10.616
Tip125	43	3.81082	-0.164204	-9.76746
Tip125	44	2.57852	0.00395765	-9.5277
Tip125	45	4.03403	0.00324003	-10.5136
Tip125	46	3.0886	-0.138255	-9.27134
Tip125	47	3.06925	-0.155377	-10.0067
Tip125	48	3.62494	-0.241413	-9.95534
Tip125	49	3.02612	-0.205702	-9.41523
Tip125	50	3.23072	-0.297758	-9.70314
Tip40	1	1.98605	0.432663	-9.88662
Tip40	2	1.61003	0.22764	-9.79509
Tip40	3	2.15264	0.729079	-10.0661
Tip40	4	1.91859	0.0844583	-9.51679
Tip40	5	1.86941	0.205433	-10.0128
Tip40	6	2.53221	0.596981	-9.88132
Tip40	7	1.12261	0.00436712	-9.11733
Tip40	8	2.12402	0.586959	-10.2407
Tip40	9	2.27744	-0.117238	-9.46713
Tip40	10	1.41851	-0.185387	-9.73108
Tip40	11	2.6046	0.637317	-10.2544
Tip40	12	1.21516	-0.175149	-8.99729
Tip40	13	2.00482	0.183252	-10.1943
Tip40	14	2.79317	0.262853	-9.61013
Tip40	15	0.833047	-0.109364	-9.01824
Tip40	16	2.40311	0.329289	-10.4926
Tip40	17	1.79803	-0.487621	-9.13195
Tip40	18	1.55985	-0.357018	-9.92142
Tip40	19	3.02885	0.298674	-10.0404
Tip40	20	0.902186	-0.206985	-8.66618
Tip40	21	2.2689	0.0845965	-10.3846
Tip40	22	2.55906	-0.399231	-9.37441
Tip40	23	0.874173	-0.390067	-9.163
Tip40	24	2.88598	0.21339	-10.3076
Tip40	25	1.3412	-0.568971	-8.74933
Tip40	26	1.91121	-0.460285	-10.0792
Tip40	27	3.13044	-0.0187163	-9.73587
Tip40	28	0.82839	-0.408729	-8.71569
Tip40	29	2.59764	-0.0829951	-10.4568
Tip40	30	2.17816	-0.781935	-8.99976
Tip40	31	1.21311	-0.783977	-9.40968
Tip40	32	3.13911	-0.255259	-10.0843
Tip40	33	1.19716	-0.727073	-8.56787
Tip40	34	2.12391	-0.518128	-10.2864
Tip40	35	2.94272	-0.686907	-9.48033
Tip40	36	0.945558	-0.797816	-8.88965
Tip40	37	2.77738	-0.497995	-10.2725
Tip40	38	1.85844	-0.926303	-8.67514
Tip40	39	1.45548	-0.988032	-9.60835
Tip40	40	3.04761	-0.734981	-9.82626
Tip40	41	1.2814	-1.02732	-8.53022
Tip40	42	2.19385	-0.82789	-10.1323
Tip40	43	2.50228	-1.2164	-9.10515
Tip40	44	1.31112	-1.20403	-8.94944
Tip40	45	2.59305	-0.933259	-10.0231
Tip40	46	1.84914	-1.30318	-8.63425
Tip40	47	1.82609	-1.27528	-9.49813
Tip40	48	2.34028	-1.28225	-9.33291
Tip40	49	1.789	-1.37585	-8.81089
Tip40	50	2.01123	-1.40794	-9.11334
Tip39	1	0.761653	0.908248	-11.2592
Tip39	2	0.421052	0.757489	-11.0205
Tip39	3	0.864922	1.17621	-11.5349
Tip39	4	0.691125	0.57793	-10.7436
Tip39	5	0.656364	0.658462	-11.3163
Tip39	6	1.16237	1.06934	-11.3849
Tip39	7	0.170964	0.530116	-10.2096
Tip39	8	0.845489	1.03425	-11.6979
Tip39	9	1.10231	0.291959	-10.6988
Tip39	10	0.300484	0.253209	-10.8706
Tip39	11	1.2605	1.11849	-11.7271
Tip39	12	0.295288	0.354626	-10.1096
Tip39	13	0.786461	0.58522	-11.5335
Tip39	14	1.4986	0.738756	-10.9957
Tip39	15	0.0032136	0.368497	-10.0916
Tip39	16	1.11073	0.757195	-11.9445
Tip39	17	0.830547	-0.041043	-10.2658
Tip39	18	0.460669	0.0161453	-11.0682
Tip39	19	1.73856	0.766431	-11.4247
Tip39	20	0.127923	0.261361	-9.68449
Tip39	21	1.02474	0.482219	-11.7564
Tip39	22	1.50553	-0.011817	-10.5977
Tip39	23	0.0615166	0.0352769	-10.1674
Tip39	24	1.61266	0.659096	-11.7107
Tip39	25	0.518999	-0.0831942	-9.74823
Tip39	26	0.863469	-0.172878	-11.2741
Tip39	27	1.90092	0.409751	-11.0664
Tip39	28	0.0989171	0.0312105	-9.67169
Tip39	29	1.38377	0.284782	-11.8319
Tip39	30	1.36843	-0.363306	-10.1078
Tip39	31	0.335275	-0.443242	-10.4262
Tip39	32	1.97739	0.115401	-11.3716
Tip39	33	0.459442	-0.257961	-9.50816
Tip39	34	1.06892	-0.262124	-11.4833
Tip39	35	1.95818	-0.372363	-10.6423
Tip39	36	0.20071	-0.357858	-9.81851
Tip39	37	1.64678	-0.172881	-11.5243
Tip39	38	1.15185	-0.491011	-9.62667
Tip39	39	0.589917	-0.713531	-10.6352
Tip39	40	2.02201	-0.443652	-11.0089
Tip39	41	0.611753	-0.596627	-9.43593
Tip39	42	1.16003	-0.580529	-11.2517
Tip39	43	1.80538	-0.897237	-10.1682
Tip39	44	0.621024	-0.802429	-9.88814
Tip39	45	1.55484	-0.64363	-11.1406
Tip39	46	1.24981	-0.918513	-9.55377
Tip39	47	1.09311	-0.96282	-10.524
Tip39	48	1.61945	-0.97714	-10.3729
Tip39	49	1.18147	-1.00469	-9.74704
Tip39	50	1.36778	-1.09323	-10.0778
Tip71	1	-0.27526	1.88347	-10.6288
Tip71	2	-0.677038	1.71851	-10.4742
Tip71	3	-0.0705523	2.1375	-10.8602
Tip71	4	-0.42703	1.54686	-10.2569
Tip71	5	-0.440538	1.62369	-10.7106
Tip71	6	0.200837	1.97533	-10.7361
Tip71	7	-0.975748	1.39731	-9.85791
Tip71	8	-0.117083	1.97576	-11.0048
Tip71	9	-0.0837812	1.1778	-10.2593
Tip71	10	-0.901147	1.1922	-10.464
Tip71	11	0.32231	1.9994	-11.0621
Tip71	12	-0.881856	1.22408	-9.79295
Tip71	13	-0.300563	1.52118	-10.8947
Tip71	14	0.436203	1.5879	-10.4679
Tip71	15	-1.17068	1.21002	-9.79198
Tip71	16	0.0970986	1.63039	-11.2608
Tip71	17	-0.409214	0.834886	-10.006
Tip71	18	-0.799903	0.936059	-10.6789
Tip71	19	0.701452	1.56996	-10.8813
Tip71	20	-1.0395	1.05765	-9.46274
Tip71	21	-0.0511315	1.36836	-11.0995
Tip71	22	0.275592	0.781278	-10.2342
Tip71	23	-1.16422	0.894365	-9.93045
Tip71	24	0.55822	1.48877	-11.1211
Tip71	25	-0.682713	0.74494	-9.59541
Tip71	26	-0.439074	0.70559	-10.8613
Tip71	27	0.773496	1.18378	-10.6071
Tip71	28	-1.09296	0.826066	-9.5125
Tip71	29	0.256266	1.12399	-11.2264
Tip71	30	0.112233	0.395064	-9.91162
Tip71	31	-0.941779	0.432769	-10.2738
Tip71	32	0.822346	0.889141	-10.8882
Tip71	33	-0.722393	0.544791	-9.42836
Tip71	34	-0.237694	0.579669	-11.0521
Tip71	35	0.763337	0.33012	-10.3389
Tip71	36	-1.03139	0.460669	-9.74011
Tip71	37	0.418233	0.624909	-11.043
Tip71	38	-0.0567294	0.257826	-9.54702
Tip71	39	-0.720654	0.124146	-10.5055
Tip71	40	0.815165	0.259642	-10.6876
Tip71	41	-0.551156	0.179241	-9.42434
Tip71	42	-0.158588	0.197921	-10.919
Tip71	43	0.60112	-0.275478	-9.99828
Tip71	44	-0.60555	-0.0155435	-9.86161
Tip71	45	0.296625	0.0691969	-10.8155
Tip71	46	0.0958209	-0.253571	-9.54014
Tip71	47	-0.19458	-0.242536	-10.3822
Tip71	48	0.395809	-0.339705	-10.2023
Tip71	49	0.000428844	-0.331922	-9.73285
Tip71	50	0.157075	-0.451926	-9.99942
Tip44	1	0.375882	2.70276	-12.1105
Tip44	2	-0.0608324	2.5267	-11.9176
Tip44	3	0.595573	2.92606	-12.3386
Tip44	4	0.193364	2.38229	-11.6897
Tip44	5	0.213198	2.48173	-12.1935
Tip44	6	0.872619	2.80907	-12.2094
Tip44	7	-0.43833	2.25653	-11.1161
Tip44	8	0.576286	2.787	-12.5036
Tip44	9	0.51093	2.10273	-11.6825
Tip44	10	-0.270777	2.00896	-11.838
Tip44	11	0.997761	2.81199	-12.5278
Tip44	12	-0.353548	2.09805	-11.0187
Tip44	13	0.375657	2.41497	-12.3856
Tip44	14	1.08858	2.46501	-11.9283
Tip44	15	-0.669018	2.01822	-10.9631
Tip44	16	0.801202	2.47996	-12.7556
Tip44	17	0.145115	1.7045	-11.2881
Tip44	18	-0.150874	1.79128	-12.0474
Tip44	19	1.36305	2.40891	-12.3085
Tip44	20	-0.580116	1.89056	-10.5904
Tip44	21	0.645972	2.2667	-12.6097
Tip44	22	0.840547	1.74504	-11.66
Tip44	23	-0.629369	1.70822	-11.1167
Tip44	24	1.22997	2.32706	-12.5745
Tip44	25	-0.181832	1.59782	-10.7503
Tip44	26	0.221263	1.64178	-12.2508
Tip44	27	1.40528	2.08542	-12.0522
Tip44	28	-0.621492	1.66044	-10.6288
Tip44	29	0.932344	2.03223	-12.7019
Tip44	30	0.60742	1.32186	-11.2025
Tip44	31	-0.39285	1.21652	-11.4886
Tip44	32	1.44678	1.79741	-12.3692
Tip44	33	-0.261175	1.36121	-10.5469
Tip44	34	0.44191	1.54379	-12.4497
Tip44	35	1.28085	1.3042	-11.7455
Tip44	36	-0.52412	1.25881	-10.8562
Tip44	37	1.07785	1.56188	-12.5197
Tip44	38	0.377489	1.12588	-10.7384
Tip44	39	-0.151875	0.935328	-11.7499
Tip44	40	1.37932	1.23026	-12.0999
Tip44	41	-0.131626	0.966412	-10.5536
Tip44	42	0.512966	1.17285	-12.3047
Tip44	43	1.00145	0.686706	-11.3319
Tip44	44	-0.165256	0.731002	-11.0614
Tip44	45	0.891269	1.04754	-12.2438
Tip44	46	0.413738	0.628687	-10.6878
Tip44	47	0.291959	0.623687	-11.6869
Tip44	48	0.83127	0.620563	-11.5348
Tip44	49	0.345788	0.533768	-10.9051
Tip44	50	0.549981	0.452329	-11.274
Tip35	1	-0.0699332	3.44217	-11.8525
Tip35	2	-0.515513	3.27711	-11.5883
Tip35	3	0.158996	3.64232	-12.1468
Tip35	4	-0.232778	3.14234	-11.3302
Tip35	5	-0.259657	3.22775	-11.8859
Tip35	6	0.464626	3.53125	-12.0168
Tip35	7	-0.854408	2.98801	-10.7866
Tip35	8	0.133187	3.51459	-12.3164
Tip35	9	0.117322	2.91662	-11.3399
Tip35	10	-0.719031	2.75999	-11.4665
Tip35	11	0.618655	3.53174	-12.386
Tip35	12	-0.761814	2.85161	-10.6876
Tip35	13	-0.0864512	3.16228	-12.1157
Tip35	14	0.722582	3.2571	-11.6958
Tip35	15	-1.07219	2.73806	-10.6533
Tip35	16	0.39541	3.24492	-12.6121
Tip35	17	-0.258791	2.55179	-10.9303
Tip35	18	-0.60166	2.56948	-11.673
Tip35	19	1.02967	3.20779	-12.122
Tip35	20	-0.95333	2.64766	-10.2796
Tip35	21	0.204037	3.05156	-12.4048
Tip35	22	0.464507	2.61712	-11.3654
Tip35	23	-1.03984	2.47481	-10.8079
Tip35	24	0.903402	3.1264	-12.4025
Tip35	25	-0.576218	2.42601	-10.4511
Tip35	26	-0.220771	2.44308	-11.9132
Tip35	27	1.06616	2.91079	-11.8292
Tip35	28	-1.00503	2.43175	-10.3328
Tip35	29	0.540101	2.85073	-12.5138
Tip35	30	0.220999	2.21452	-10.8724
Tip35	31	-0.781387	2.07926	-11.1459
Tip35	32	1.09584	2.61522	-12.1403
Tip35	33	-0.622453	2.20329	-10.2609
Tip35	34	0.000779948	2.36073	-12.152
Tip35	35	0.888587	2.14496	-11.448
Tip35	36	-0.911002	2.10391	-10.5713
Tip35	37	0.678663	2.38013	-12.2694
Tip35	38	0.0181349	2.02358	-10.4237
Tip35	39	-0.542387	1.82118	-11.382
Tip35	40	1.00135	2.05277	-11.7871
Tip35	41	-0.477167	1.85255	-10.2494
Tip35	42	0.0671915	1.99649	-11.9914
Tip35	43	0.602339	1.5713	-10.9709
Tip35	44	-0.529299	1.6854	-10.726
Tip35	45	0.464108	1.86969	-11.9228
Tip35	46	0.0849883	1.54266	-10.3529
Tip35	47	-0.068981	1.52915	-11.3326
Tip35	48	0.438952	1.49044	-11.1621
Tip35	49	-0.00168999	1.47089	-10.5485
Tip35	50	0.179125	1.36028	-10.8938
Tip37	1	-0.255239	4.63617	-12.1401
Tip37	2	-0.662046	4.50392	-11.9232
Tip37	3	-0.00183885	4.79162	-12.3747
Tip37	4	-0.404244	4.42462	-11.664
Tip37	5	-0.433661	4.44074	-12.1951
Tip37	6	0.287745	4.66506	-12.2262
Tip37	7	-0.893563	4.38333	-11.1588
Tip37	8	-0.0249102	4.65926	-12.5385
Tip37	9	-0.0675451	4.21189	-11.6252
Tip37	10	-0.824677	4.08375	-11.8407
Tip37	11	0.43172	4.64001	-12.5444
Tip37	12	-0.799745	4.27974	-11.0633
Tip37	13	-0.26533	4.35729	-12.3762
Tip37	14	0.504375	4.42164	-11.8745
Tip37	15	-1.07186	4.18219	-11.0309
Tip37	16	0.205695	4.36998	-12.7475
Tip37	17	-0.374732	3.98081	-11.271
Tip37	18	-0.713024	3.88224	-12.0093
Tip37	19	0.760131	4.3017	-12.2291
Tip37	20	-0.926594	4.12774	-10.6504
Tip37	21	0.0135965	4.21588	-12.579
Tip37	22	0.242471	3.93117	-11.5706
Tip37	23	-1.04699	3.92614	-11.2092
Tip37	24	0.62122	4.20861	-12.504
Tip37	25	-0.596353	3.94225	-10.8347
Tip37	26	-0.355724	3.74094	-12.166
Tip37	27	0.767773	4.06975	-11.9466
Tip37	28	-0.979668	3.93041	-10.7097
Tip37	29	0.29417	3.98471	-12.6323
Tip37	30	0.0733403	3.67036	-11.1537
Tip37	31	-0.832327	3.50226	-11.5426
Tip37	32	0.791698	3.77805	-12.2403
Tip37	33	-0.615846	3.746	-10.6462
Tip37	34	-0.173317	3.62777	-12.3488
Tip37	35	0.60428	3.47246	-11.6035
Tip37	36	-0.901796	3.60577	-10.968
Tip37	37	0.440953	3.59004	-12.3835
Tip37	38	-0.0307539	3.53904	-10.755
Tip37	39	-0.600731	3.22568	-11.7206
Tip37	40	0.710147	3.33101	-11.9238
Tip37	41	-0.486742	3.39737	-10.6195
Tip37	42	-0.0869774	3.31671	-12.1937
Tip37	43	0.444129	2.99728	-11.2162
Tip37	44	-0.539622	3.18552	-11.0872
Tip37	45	0.256841	3.18802	-12.0931
Tip37	46	0.0446416	3.04314	-10.6715
Tip37	47	-0.177664	2.95678	-11.6165
Tip37	48	0.292211	2.91667	-11.4108
Tip37	49	-0.0451237	2.98506	-10.8809
Tip37	50	0.0847317	2.83134	-11.1849
Tip100	1	0.306434	4.64625	-12.3077
Tip100	2	-0.115669	4.40213	-12.0705
Tip100	3	0.488815	4.85691	-12.5158
Tip100	4	0.108303	4.24805	-11.8685
Tip100	5	0.158065	4.41502	-12.3595
Tip100	6	0.747244	4.73231	-12.4339
Tip100	7	-0.574372	3.91626	-11.2776
Tip100	8	0.482563	4.7448	-12.6944
Tip100	9	0.387574	4.00297	-11.8747
Tip100	10	-0.376438	3.81994	-11.9656
Tip100	11	0.863653	4.72275	-12.7629
Tip100	12	-0.535302	3.76099	-11.1837
Tip100	13	0.292045	4.36533	-12.5706
Tip100	14	0.966575	4.41214	-12.1806
Tip100	15	-0.867162	3.6562	-11.1191
Tip100	16	0.706465	4.45443	-13.0133
Tip100	17	-0.0572369	3.50794	-11.4476
Tip100	18	-0.294891	3.65911	-12.1582
Tip100	19	1.21598	4.33903	-12.5952
Tip100	20	-0.84534	3.52855	-10.7498
Tip100	21	0.539876	4.25546	-12.8595
Tip100	22	0.621103	3.67552	-11.888
Tip100	23	-0.862958	3.38355	-11.2662
Tip100	24	1.10926	4.28341	-12.8576
Tip100	25	-0.465837	3.28257	-10.9312
Tip100	26	0.0317124	3.57811	-12.3839
Tip100	27	1.19946	4.02769	-12.3544
Tip100	28	-0.924978	3.3011	-10.7899
Tip100	29	0.786209	4.01453	-12.9871
Tip100	30	0.315942	3.1458	-11.3721
Tip100	31	-0.673357	3.01907	-11.6082
Tip100	32	1.19115	3.70617	-12.6647
Tip100	33	-0.566398	3.05659	-10.7134
Tip100	34	0.208264	3.49032	-12.6116
Tip100	35	0.917978	3.13002	-11.9727
Tip100	36	-0.838651	2.96711	-11.0144
Tip100	37	0.799726	3.46135	-12.7722
Tip100	38	0.0942826	2.89896	-10.9186
Tip100	39	-0.499315	2.78152	-11.8539
Tip100	40	1.00793	3.01727	-12.3317
Tip100	41	-0.456572	2.72079	-10.7021
Tip100	42	0.204371	3.07109	-12.4518
Tip100	43	0.623498	2.45426	-11.4637
Tip100	44	-0.523594	2.55281	-11.2022
Tip100	45	0.529852	2.86562	-12.4074
Tip100	46	0.117922	2.40781	-10.8609
Tip100	47	-0.0784177	2.43411	-11.7982
Tip100	48	0.443226	2.36667	-11.6406
Tip100	49	0.0148417	2.33241	-11.0545
Tip100	50	0.191677	2.22111	-11.3737
Tip97	1	3.88197	4.89627	-10.2719
Tip97	2	3.39553	4.845	-10.1554
Tip97	3	4.05894	5.03755	-10.4184
Tip97	4	3.65541	4.76053	-9.92474
Tip97	5	3.69778	4.70056	-10.3427
Tip97	6	4.33679	4.92602	-10.3068
Tip97	7	2.93144	4.65809	-9.73333
Tip97	8	4.0639	4.87703	-10.5593
Tip97	9	3.9859	4.46252	-9.90634
Tip97	10	3.17943	4.40135	-10.2029
Tip97	11	4.44778	4.83208	-10.5974
Tip97	12	2.99669	4.55286	-9.65679
Tip97	13	3.85483	4.60727	-10.5141
Tip97	14	4.51234	4.71414	-10.087
Tip97	15	2.57363	4.39802	-9.74822
Tip97	16	4.26204	4.5414	-10.8554
Tip97	17	3.56516	4.23286	-9.77032
Tip97	18	3.24708	4.14184	-10.3965
Tip97	19	4.80522	4.56386	-10.4596
Tip97	20	2.61819	4.34589	-9.45285
Tip97	21	4.11384	4.41894	-10.7365
Tip97	22	4.24118	4.1574	-9.92369
Tip97	23	2.6063	4.13352	-9.93587
Tip97	24	4.6968	4.43022	-10.6915
Tip97	25	3.115	4.16388	-9.5574
Tip97	26	3.60416	3.94051	-10.4899
Tip97	27	4.81001	4.30607	-10.2131
Tip97	28	2.5744	4.12069	-9.54223
Tip97	29	4.37653	4.16015	-10.802
Tip97	30	3.91767	3.81314	-9.70613
Tip97	31	2.82475	3.70732	-10.1768
Tip97	32	4.80396	3.93471	-10.5593
Tip97	33	2.9618	3.93315	-9.42804
Tip97	34	3.75944	3.7848	-10.6383
Tip97	35	4.49584	3.59632	-10.1032
Tip97	36	2.64055	3.77136	-9.78173
Tip97	37	4.40064	3.67344	-10.7254
Tip97	38	3.64911	3.68803	-9.4287
Tip97	39	3.02554	3.38354	-10.3405
Tip97	40	4.55832	3.42393	-10.4029
Tip97	41	3.01745	3.5888	-9.40691
Tip97	42	3.71742	3.46272	-10.616
Tip97	43	4.14516	3.05431	-9.87946
Tip97	44	2.99776	3.36331	-9.83946
Tip97	45	4.03138	3.294	-10.5638
Tip97	46	3.59218	3.1707	-9.45653
Tip97	47	3.47137	3.04487	-10.2572
Tip97	48	3.97793	2.93675	-10.0664
Tip97	49	3.52887	3.09803	-9.64186
Tip97	50	3.72448	2.91429	-9.89979
Tip73	1	6.88891	4.51231	-8.27109
Tip73	2	6.43035	4.39417	-8.17956
Tip73	3	6.9827	4.6876	-8.47893
Tip73	4	6.71925	4.31334	-7.85937
Tip73	5	6.7692	4.34092	-8.32361
Tip73	6	7.2284	4.58863	-8.35455
Tip73	7	5.91039	4.14862	-7.77156
Tip73	8	6.99399	4.57206	-8.63388
Tip73	9	6.99582	4.08895	-7.77489
Tip73	10	6.27694	3.97569	-8.16929
Tip73	11	7.27375	4.5773	-8.7182
Tip73	12	5.98372	4.03391	-7.67774
Tip73	13	6.89036	4.31229	-8.52471
Tip73	14	7.39531	4.37779	-8.0894
Tip73	15	5.48677	3.88675	-7.83722
Tip73	16	7.14502	4.31002	-9.00592
Tip73	17	6.59653	3.80114	-7.66748
Tip73	18	6.36958	3.78098	-8.36056
Tip73	19	7.58829	4.34225	-8.53446
Tip73	20	5.4976	3.85703	-7.542
Tip73	21	7.07929	4.19131	-8.80778
Tip73	22	7.20078	3.81677	-7.80061
Tip73	23	5.57961	3.6551	-8.00912
Tip73	24	7.50315	4.25104	-8.79375
Tip73	25	6.10115	3.6828	-7.5367
Tip73	26	6.67742	3.65531	-8.45787
Tip73	27	7.60549	4.09078	-8.23345
Tip73	28	5.47048	3.65217	-7.64603
Tip73	29	7.28422	3.9974	-8.91573
Tip73	30	6.87265	3.41885	-7.55094
Tip73	31	5.8513	3.28712	-8.17825
Tip73	32	7.59642	3.7975	-8.63496
Tip73	33	5.90596	3.48308	-7.45517
Tip73	34	6.77954	3.54811	-8.64665
Tip73	35	7.33388	3.33066	-8.01077
Tip73	36	5.59069	3.34752	-7.85324
Tip73	37	7.27955	3.52886	-8.76376
Tip73	38	6.55218	3.26825	-7.32659
Tip73	39	6.02721	2.99712	-8.31899
Tip73	40	7.36527	3.24395	-8.37617
Tip73	41	5.92445	3.16631	-7.44001
Tip73	42	6.70534	3.2103	-8.59356
Tip73	43	6.93581	2.71898	-7.723
Tip73	44	5.94452	2.96589	-7.81295
Tip73	45	6.94583	3.08373	-8.48841
Tip73	46	6.4294	2.73127	-7.36995
Tip73	47	6.40742	2.69198	-8.16427
Tip73	48	6.81774	2.61392	-7.92249
Tip73	49	6.39364	2.66784	-7.54386
Tip73	50	6.57768	2.51978	-7.78394
Tip90	1	6.14914	2.19588	-7.88943
Tip90	2	5.72577	1.96656	-7.75076
Tip90	3	6.24221	2.44669	-8.0675
Tip90	4	6.03199	1.85237	-7.49512
Tip90	5	6.03158	1.98175	-7.93524
Tip90	6	6.48891	2.28805	-7.96363
Tip90	7	5.22088	1.4144	-7.13856
Tip90	8	6.24335	2.32234	-8.20865
Tip90	9	6.29392	1.5786	-7.3801
Tip90	10	5.54378	1.29855	-7.66742
Tip90	11	6.49995	2.34786	-8.33492
Tip90	12	5.2904	1.24197	-7.03383
Tip90	13	6.14163	1.97388	-8.11083
Tip90	14	6.67285	2.02454	-7.70198
Tip90	15	4.82719	1.09058	-7.1244
Tip90	16	6.38723	2.06749	-8.59895
Tip90	17	5.86211	1.01693	-7.18439
Tip90	18	5.60351	1.0948	-7.83491
Tip90	19	6.79828	2.01627	-8.17957
Tip90	20	4.86447	1.08489	-6.83457
Tip90	21	6.30481	1.85803	-8.41369
Tip90	22	6.46175	1.24512	-7.37239
Tip90	23	4.87425	0.817667	-7.2942
Tip90	24	6.73648	1.94985	-8.44056
Tip90	25	5.40472	0.766391	-6.85077
Tip90	26	5.87434	1.01958	-7.9634
Tip90	27	6.84846	1.7054	-7.84683
Tip90	28	4.81348	0.834863	-6.91368
Tip90	29	6.51314	1.65142	-8.50684
Tip90	30	6.10395	0.624922	-7.03437
Tip90	31	5.12217	0.401062	-7.4836
Tip90	32	6.8081	1.41618	-8.2436
Tip90	33	5.22701	0.550258	-6.72065
Tip90	34	5.95619	0.952543	-8.16271
Tip90	35	6.48507	0.692331	-7.57043
Tip90	36	4.90234	0.475108	-7.14281
Tip90	37	6.44824	1.07706	-8.33924
Tip90	38	5.82649	0.403529	-6.67823
Tip90	39	5.27187	0.148807	-7.61792
Tip90	40	6.47877	0.682632	-7.93168
Tip90	41	5.24365	0.246514	-6.7177
Tip90	42	5.8683	0.527265	-8.05655
Tip90	43	6.1348	-0.0236448	-7.11432
Tip90	44	5.23952	0.0655786	-7.11148
Tip90	45	6.068	0.407304	-7.96176
Tip90	46	5.71407	-0.104165	-6.72749
Tip90	47	5.61894	-0.0975105	-7.49132
Tip90	48	6.01647	-0.141275	-7.29039
Tip90	49	5.67966	-0.1497	-6.88688
Tip90	50	5.81938	-0.251182	-7.1229
Tip96	1	7.57787	2.91346	-7.60812
Tip96	2	7.12029	2.69979	-7.50794
Tip96	3	7.64021	3.13444	-7.78917
Tip96	4	7.4655	2.64337	-7.24093
Tip96	5	7.46221	2.71133	-7.64329
Tip96	6	7.92443	3.02536	-7.66368
Tip96	7	6.55209	2.30469	-7.03059
Tip96	8	7.66075	3.01258	-7.91721
Tip96	9	7.7632	2.43788	-7.12661
Tip96	10	6.96431	2.16227	-7.45624
Tip96	11	7.92045	3.03427	-8.01006
Tip96	12	6.63794	2.17179	-6.95212
Tip96	13	7.57256	2.70545	-7.81893
Tip96	14	8.14057	2.80511	-7.41264
Tip96	15	6.12619	2.00469	-7.0629
Tip96	16	7.7995	2.7504	-8.28795
Tip96	17	7.31778	2.01365	-7.01587
Tip96	18	7.05137	1.99456	-7.626
Tip96	19	8.2656	2.78411	-7.84077
Tip96	20	6.13432	2.00705	-6.80548
Tip96	21	7.7535	2.59745	-8.10152
Tip96	22	7.96758	2.18641	-7.14117
Tip96	23	6.21832	1.76486	-7.24556
Tip96	24	8.17988	2.6986	-8.09519
Tip96	25	6.74793	1.80554	-6.84852
Tip96	26	7.3642	1.93668	-7.75835
Tip96	27	8.34764	2.52613	-7.53961
Tip96	28	6.10862	1.77584	-6.91126
Tip96	29	7.98942	2.43031	-8.19741
Tip96	30	7.58238	1.70787	-6.93564
Tip96	31	6.53011	1.42447	-7.49246
Tip96	32	8.3338	2.25435	-7.92143
Tip96	33	6.53249	1.59584	-6.78468
Tip96	34	7.46681	1.84849	-7.93707
Tip96	35	8.03876	1.73675	-7.38273
Tip96	36	6.2236	1.45971	-7.17545
Tip96	37	7.99484	1.93308	-8.07425
Tip96	38	7.21961	1.50481	-6.7166
Tip96	39	6.70994	1.17266	-7.64468
Tip96	40	8.04265	1.66431	-7.72416
Tip96	41	6.55923	1.31024	-6.81657
Tip96	42	7.388	1.50115	-7.89455
Tip96	43	7.652	1.05457	-7.11132
Tip96	44	6.61633	1.10782	-7.20196
Tip96	45	7.61627	1.42031	-7.816
Tip96	46	7.10995	0.979815	-6.82912
Tip96	47	7.11881	0.952869	-7.5223
Tip96	48	7.53954	0.93857	-7.29935
Tip96	49	7.08599	0.916267	-6.9967
Tip96	50	7.30634	0.815352	-7.19863
Tip105	1	5.24742	3.69317	-5.39979
Tip105	2	4.74894	3.52913	-5.36638
Tip105	3	5.42325	3.90023	-5.59348
Tip105	4	5.02736	3.47171	-5.08149
Tip105	5	5.08932	3.52104	-5.46126
Tip105	6	5.64762	3.7918	-5.46668
Tip105	7	4.112	3.05925	-5.02492
Tip105	8	5.42372	3.76141	-5.72721
Tip105	9	5.25328	3.26086	-4.97879
Tip105	10	4.48492	2.98803	-5.33137
Tip105	11	5.70955	3.77441	-5.84488
Tip105	12	4.16564	2.94973	-4.9284
Tip105	13	5.26471	3.48943	-5.60953
Tip105	14	5.74851	3.57953	-5.22781
Tip105	15	3.68228	2.7836	-5.16423
Tip105	16	5.62145	3.47242	-6.11843
Tip105	17	4.74678	2.84813	-4.83055
Tip105	18	4.57671	2.81079	-5.51539
Tip105	19	5.95528	3.52973	-5.64336
Tip105	20	3.72963	2.76753	-4.8925
Tip105	21	5.52408	3.3148	-5.8868
Tip105	22	5.38867	3.02961	-4.97277
Tip105	23	3.75746	2.52294	-5.304
Tip105	24	5.93772	3.41394	-5.89105
Tip105	25	4.25344	2.61918	-4.76509
Tip105	26	4.91454	2.73046	-5.57383
Tip105	27	5.90357	3.27549	-5.36105
Tip105	28	3.66239	2.56875	-5.00931
Tip105	29	5.75775	3.12497	-5.97311
Tip105	30	4.99346	2.59305	-4.74723
Tip105	31	4.07189	2.2058	-5.44458
Tip105	32	5.99744	2.98226	-5.71302
Tip105	33	4.07983	2.40003	-4.73108
Tip105	34	5.05826	2.65129	-5.7691
Tip105	35	5.52046	2.57557	-5.17458
Tip105	36	3.78698	2.22797	-5.17496
Tip105	37	5.67455	2.65849	-5.89042
Tip105	38	4.68901	2.40098	-4.54861
Tip105	39	4.27732	1.99921	-5.56122
Tip105	40	5.61752	2.46941	-5.56302
Tip105	41	4.12102	2.13017	-4.73812
Tip105	42	4.94446	2.33468	-5.79712
Tip105	43	5.08009	1.97712	-4.9414
Tip105	44	4.17182	1.95152	-5.09052
Tip105	45	5.15304	2.24554	-5.68975
Tip105	46	4.60321	1.88009	-4.70418
Tip105	47	4.65513	1.83363	-5.3932
Tip105	48	4.99223	1.84554	-5.13115
Tip105	49	4.58525	1.80045	-4.86177
Tip105	50	4.78649	1.71441	-5.06575
Tip98	1	5.09242	1.52682	-6.9331
Tip98	2	4.66461	1.23429	-6.8817
Tip98	3	5.23247	1.8128	-7.14504
Tip98	4	4.92569	1.20078	-6.6036
Tip98	5	4.93755	1.27902	-6.96908
Tip98	6	5.43595	1.69967	-7.04122
Tip98	7	4.15224	0.668625	-6.61275
Tip98	8	5.21565	1.65747	-7.2849
Tip98	9	5.15881	0.996477	-6.52681
Tip98	10	4.48361	0.593237	-6.91443
Tip98	11	5.48037	1.75013	-7.43556
Tip98	12	4.21217	0.552606	-6.53275
Tip98	13	5.06161	1.28517	-7.14215
Tip98	14	5.59714	1.45263	-6.83329
Tip98	15	3.77215	0.365524	-6.77554
Tip98	16	5.34388	1.41214	-7.71129
Tip98	17	4.77907	0.464881	-6.45209
Tip98	18	4.55216	0.424928	-7.11784
Tip98	19	5.72151	1.49352	-7.26155
Tip98	20	3.82361	0.336734	-6.53512
Tip98	21	5.24706	1.19343	-7.48543
Tip98	22	5.3056	0.764982	-6.55207
Tip98	23	3.86113	0.135779	-6.92262
Tip98	24	5.65773	1.39803	-7.51898
Tip98	25	4.32605	0.21839	-6.4336
Tip98	26	4.82958	0.431031	-7.18836
Tip98	27	5.72297	1.16795	-6.96553
Tip98	28	3.78025	0.128364	-6.65195
Tip98	29	5.44364	1.05053	-7.57833
Tip98	30	5.04613	0.232623	-6.37121
Tip98	31	4.19271	-0.169304	-7.10182
Tip98	32	5.70495	0.889565	-7.3127
Tip98	33	4.18371	-0.0145357	-6.43065
Tip98	34	4.92295	0.396043	-7.38868
Tip98	35	5.44278	0.319375	-6.78368
Tip98	36	3.91018	-0.166499	-6.82237
Tip98	37	5.41158	0.513417	-7.47627
Tip98	38	4.82196	0.0253317	-6.18431
Tip98	39	4.38556	-0.354838	-7.22964
Tip98	40	5.45472	0.271266	-7.15157
Tip98	41	4.25146	-0.272699	-6.4564
Tip98	42	4.88516	0.0471748	-7.43196
Tip98	43	5.18175	-0.351183	-6.56656
Tip98	44	4.32382	-0.460292	-6.77292
Tip98	45	5.08958	-0.00790313	-7.32581
Tip98	46	4.80347	-0.478865	-6.37305
Tip98	47	4.80278	-0.515638	-7.06431
Tip98	48	5.12431	-0.488561	-6.77759
Tip98	49	4.80601	-0.569201	-6.54005
Tip98	50	4.96615	-0.624213	-6.7191
Tip112	1	5.94587	1.56826	-8.05899
Tip112	2	5.5778	1.31918	-7.98538
Tip112	3	6.03763	1.8202	-8.23502
Tip112	4	5.84088	1.27588	-7.73314
Tip112	5	5.83879	1.35041	-8.09516
Tip112	6	6.24047	1.7252	-8.14517
Tip112	7	5.13049	0.768277	-7.70437
Tip112	8	6.03701	1.68625	-8.38016
Tip112	9	6.08554	1.07394	-7.66102
Tip112	10	5.51209	0.710955	-8.00834
Tip112	11	6.2823	1.77866	-8.5035
Tip112	12	5.20832	0.651109	-7.63372
Tip112	13	5.94703	1.35569	-8.26485
Tip112	14	6.41475	1.49782	-7.95729
Tip112	15	4.78442	0.453198	-7.81409
Tip112	16	6.19133	1.47681	-8.77041
Tip112	17	5.77757	0.571247	-7.57023
Tip112	18	5.60355	0.552445	-8.2013
Tip112	19	6.52142	1.55339	-8.35221
Tip112	20	4.8284	0.426478	-7.59047
Tip112	21	6.12724	1.28751	-8.57731
Tip112	22	6.23071	0.849504	-7.68272
Tip112	23	4.89774	0.237527	-7.96538
Tip112	24	6.47798	1.46849	-8.59356
Tip112	25	5.36141	0.315799	-7.54208
Tip112	26	5.87483	0.5671	-8.27446
Tip112	27	6.56862	1.23577	-8.08484
Tip112	28	4.79966	0.223643	-7.69815
Tip112	29	6.32664	1.15058	-8.66446
Tip112	30	6.03881	0.337177	-7.48667
Tip112	31	5.25947	-0.0371163	-8.15183
Tip112	32	6.58637	0.991877	-8.4061
Tip112	33	5.23656	0.0879367	-7.5231
Tip112	34	5.95332	0.536022	-8.45571
Tip112	35	6.4081	0.428589	-7.88645
Tip112	36	4.95677	-0.0573519	-7.86627
Tip112	37	6.3632	0.655275	-8.54412
Tip112	38	5.83496	0.123941	-7.28364
Tip112	39	5.44602	-0.228551	-8.26976
Tip112	40	6.43426	0.399751	-8.22801
Tip112	41	5.31591	-0.149156	-7.53595
Tip112	42	5.91606	0.190485	-8.48029
Tip112	43	6.19664	-0.238344	-7.65343
Tip112	44	5.39045	-0.330183	-7.83387
Tip112	45	6.11349	0.132809	-8.37914
Tip112	46	5.85325	-0.362401	-7.43118
Tip112	47	5.84342	-0.375226	-8.1143
Tip112	48	6.13977	-0.363018	-7.85279
Tip112	49	5.85261	-0.441572	-7.60137
Tip112	50	5.98497	-0.494401	-7.78069
Tip117	1	6.90076	3.11232	-7.08843
Tip117	2	6.50759	2.79553	-7.0437
Tip117	3	7.01037	3.38286	-7.31818
Tip117	4	6.74966	2.80369	-6.75399
Tip117	5	6.78716	2.86565	-7.14601
Tip117	6	7.21807	3.3114	-7.20646
Tip117	7	5.98464	2.2269	-6.75864
Tip117	8	7.04198	3.24765	-7.47159
Tip117	9	6.99115	2.61698	-6.66408
Tip117	10	6.42514	2.23509	-7.04883
Tip117	11	7.32214	3.33894	-7.60841
Tip117	12	6.06966	2.1364	-6.66127
Tip117	13	6.94056	2.89409	-7.32373
Tip117	14	7.41549	3.08239	-6.98068
Tip117	15	5.62304	1.8366	-6.94398
Tip117	16	7.2479	3.0061	-7.8509
Tip117	17	6.66884	2.11669	-6.5187
Tip117	18	6.52743	2.09253	-7.26805
Tip117	19	7.58597	3.11169	-7.4383
Tip117	20	5.65208	1.83303	-6.71521
Tip117	21	7.17737	2.82202	-7.64676
Tip117	22	7.1487	2.39555	-6.68661
Tip117	23	5.75278	1.67554	-7.06336
Tip117	24	7.55756	3.01082	-7.69587
Tip117	25	6.2206	1.85417	-6.52206
Tip117	26	6.80777	2.11169	-7.35573
Tip117	27	7.58676	2.80284	-7.11666
Tip117	28	5.62492	1.62406	-6.82416
Tip117	29	7.37861	2.65035	-7.74838
Tip117	30	6.92605	1.9032	-6.43215
Tip117	31	6.10929	1.43986	-7.17341
Tip117	32	7.6063	2.50953	-7.47176
Tip117	33	6.06585	1.61383	-6.534
Tip117	34	6.90008	2.05026	-7.56878
Tip117	35	7.31208	2.01026	-6.92833
Tip117	36	5.79641	1.40092	-6.9506
Tip117	37	7.33783	2.15205	-7.65797
Tip117	38	6.67253	1.69844	-6.22638
Tip117	39	6.27315	1.26614	-7.28822
Tip117	40	7.35725	1.96262	-7.31153
Tip117	41	6.1417	1.36115	-6.53341
Tip117	42	6.81846	1.71829	-7.56998
Tip117	43	7.04279	1.38361	-6.60335
Tip117	44	6.21473	1.14778	-6.82689
Tip117	45	7.02834	1.7103	-7.44267
Tip117	46	6.66203	1.21991	-6.41121
Tip117	47	6.65945	1.18047	-7.08082
Tip117	48	6.97369	1.24265	-6.8036
Tip117	49	6.66332	1.12926	-6.57754
Tip117	50	6.80154	1.09909	-6.73728
Tip122	1	5.59252	-0.122161	-5.99608
Tip122	2	5.04342	-0.520617	-5.95926
Tip122	3	5.76604	0.237901	-6.19597
Tip122	4	5.36922	-0.521339	-5.68467
Tip122	5	5.41596	-0.439407	-6.02442
Tip122	6	5.97419	0.133072	-6.07073
Tip122	7	4.29181	-1.2369	-5.71621
Tip122	8	5.76747	0.051162	-6.30401
Tip122	9	5.64648	-0.737054	-5.60616
Tip122	10	4.79423	-1.31884	-5.9131
Tip122	11	6.06924	0.200102	-6.41506
Tip122	12	4.37374	-1.36289	-5.62264
Tip122	13	5.58479	-0.425237	-6.16492
Tip122	14	6.12358	-0.133299	-5.85645
Tip122	15	3.86449	-1.55896	-5.90403
Tip122	16	5.98949	-0.246588	-6.61012
Tip122	17	5.13598	-1.41153	-5.47276
Tip122	18	4.90386	-1.51422	-6.08125
Tip122	19	6.31261	-0.101233	-6.2297
Tip122	20	3.88513	-1.55333	-5.68938
Tip122	21	5.8778	-0.533989	-6.41013
Tip122	22	5.799	-1.02738	-5.60205
Tip122	23	3.99023	-1.7776	-6.00117
Tip122	24	6.28934	-0.24613	-6.44693
Tip122	25	4.51468	-1.70751	-5.45499
Tip122	26	5.26524	-1.48369	-6.13082
Tip122	27	6.3148	-0.494443	-5.9778
Tip122	28	3.87538	-1.76785	-5.79313
Tip122	29	6.09759	-0.703924	-6.50112
Tip122	30	5.45581	-1.6412	-5.39291
Tip122	31	4.44766	-2.1154	-6.09026
Tip122	32	6.32006	-0.849703	-6.27763
Tip122	33	4.35383	-1.92681	-5.45189
Tip122	34	5.38601	-1.50397	-6.30849
Tip122	35	5.94667	-1.49539	-5.78349
Tip122	36	4.08884	-2.07695	-5.8949
Tip122	37	5.97282	-1.28119	-6.41208
Tip122	38	5.16864	-1.83137	-5.21087
Tip122	39	4.68948	-2.2992	-6.18406
Tip122	40	5.9804	-1.53599	-6.10183
Tip122	41	4.50338	-2.18413	-5.44657
Tip122	42	5.30319	-1.84896	-6.34699
Tip122	43	5.61308	-2.18402	-5.5278
Tip122	44	4.61778	-2.38782	-5.75471
Tip122	45	5.54686	-1.87945	-6.2324
Tip122	46	5.17495	-2.31461	-5.34237
Tip122	47	5.18227	-2.39759	-5.96105
Tip122	48	5.53489	-2.31904	-5.70425
Tip122	49	5.17553	-2.41276	-5.4918
Tip122	50	5.35508	-2.44821	-5.65616
Tip140	1	6.29563	1.35238	-6.21306
Tip140	2	5.60856	0.9941	-6.23703
Tip140	3	6.45117	1.65449	-6.34892
Tip140	4	6.00451	1.04377	-5.97663
Tip140	5	6.06866	1.11399	-6.2884
Tip140	6	6.6902	1.57376	-6.25117
Tip140	7	4.6976	0.218545	-6.04643
Tip140	8	6.46232	1.48612	-6.4568
Tip140	9	6.28941	0.875239	-5.89591
Tip140	10	5.26562	0.241867	-6.28646
Tip140	11	6.78412	1.61973	-6.5759
Tip140	12	4.77062	0.118983	-5.95155
Tip140	13	6.26315	1.11448	-6.41034
Tip140	14	6.87071	1.36479	-6.0845
Tip140	15	4.27369	-0.171114	-6.23066
Tip140	16	6.68577	1.2335	-6.79876
Tip140	17	5.62983	0.171991	-5.83841
Tip140	18	5.36081	0.0226609	-6.47696
Tip140	19	7.06833	1.39913	-6.43217
Tip140	20	4.29103	-0.162748	-6.02281
Tip140	21	6.56397	0.999608	-6.63792
Tip140	22	6.42076	0.600307	-5.89851
Tip140	23	4.40918	-0.399144	-6.3222
Tip140	24	7.03472	1.26101	-6.64053
Tip140	25	4.92075	-0.219829	-5.81996
Tip140	26	5.76351	0.0800105	-6.521
Tip140	27	7.05569	1.06361	-6.21739
Tip140	28	4.2906	-0.393103	-6.12493
Tip140	29	6.75224	0.820762	-6.74418
Tip140	30	5.94571	-0.0951213	-5.7557
Tip140	31	4.85608	-0.711704	-6.44711
Tip140	32	6.98378	0.698296	-6.53495
Tip140	33	4.77532	-0.485526	-5.81609
Tip140	34	5.8979	0.0464517	-6.69017
Tip140	35	6.50758	0.0726291	-6.11093
Tip140	36	4.51806	-0.703977	-6.21772
Tip140	37	6.53635	0.277739	-6.71221
Tip140	38	5.61047	-0.332924	-5.59203
Tip140	39	5.07946	-0.911181	-6.56394
Tip140	40	6.52519	0.0283083	-6.43549
Tip140	41	4.91733	-0.768605	-5.80762
Tip140	42	5.76297	-0.360687	-6.73242
Tip140	43	6.03482	-0.752203	-5.90234
Tip140	44	5.02549	-1.00976	-6.11118
Tip140	45	6.01265	-0.372365	-6.61194
Tip140	46	5.53722	-0.939619	-5.73491
Tip140	47	5.54016	-1.02809	-6.35013
Tip140	48	5.92495	-0.930738	-6.09396
Tip140	49	5.53029	-1.05902	-5.88522
Tip140	50	5.71437	-1.09605	-6.04013
Tip99	1	8.85598	4.71238	-4.69685
Tip99	2	8.41449	4.54274	-4.62258
Tip99	3	8.94745	4.86853	-4.90597
Tip99	4	8.70222	4.48142	-4.38217
Tip99	5	8.74788	4.55942	-4.68943
Tip99	6	9.1952	4.7633	-4.76796
Tip99	7	7.74157	4.05826	-4.24338
Tip99	8	8.98044	4.74498	-4.99387
Tip99	9	8.89868	4.24678	-4.2185
Tip99	10	8.24261	4.03581	-4.47304
Tip99	11	9.23658	4.74676	-5.10634
Tip99	12	7.79318	3.96348	-4.14791
Tip99	13	8.91307	4.52834	-4.82707
Tip99	14	9.28977	4.5378	-4.52988
Tip99	15	7.21122	3.64773	-4.43888
Tip99	16	9.13053	4.49789	-5.3352
Tip99	17	8.44733	3.77983	-3.99287
Tip99	18	8.34931	3.84038	-4.59204
Tip99	19	9.45661	4.48038	-4.90162
Tip99	20	7.20686	3.65043	-4.17809
Tip99	21	9.11059	4.38037	-5.06646
Tip99	22	9.02696	3.98163	-4.16103
Tip99	23	7.34892	3.42979	-4.526
Tip99	24	9.41169	4.40572	-5.14287
Tip99	25	7.85398	3.59728	-3.95884
Tip99	26	8.66285	3.79338	-4.61977
Tip99	27	9.40844	4.2341	-4.59045
Tip99	28	7.15478	3.41986	-4.28529
Tip99	29	9.26253	4.17598	-5.13543
Tip99	30	8.62049	3.41094	-3.83837
Tip99	31	7.65375	3.13268	-4.56335
Tip99	32	9.43542	3.96131	-4.88279
Tip99	33	7.61628	3.33572	-3.94443
Tip99	34	8.74946	3.73496	-4.79228
Tip99	35	9.11276	3.48058	-4.26438
Tip99	36	7.31872	3.11914	-4.38751
Tip99	37	9.14444	3.69815	-4.94519
Tip99	38	8.27216	3.22542	-3.63864
Tip99	39	7.79043	2.86642	-4.64817
Tip99	40	9.12859	3.43446	-4.58765
Tip99	41	7.61276	3.02564	-3.89818
Tip99	42	8.55999	3.32923	-4.78313
Tip99	43	8.64168	2.71567	-3.97571
Tip99	44	7.69192	2.80042	-4.20328
Tip99	45	8.72319	3.21088	-4.67664
Tip99	46	8.12096	2.687	-3.79401
Tip99	47	8.1929	2.61231	-4.43736
Tip99	48	8.53239	2.58167	-4.17807
Tip99	49	8.11629	2.60435	-3.94567
Tip99	50	8.30913	2.46017	-4.11626
Tip104	1	8.62969	3.68746	-4.94358
Tip104	2	8.21662	3.54015	-4.88552
Tip104	3	8.71666	3.85963	-5.14261
Tip104	4	8.48511	3.44002	-4.64885
Tip104	5	8.53441	3.51718	-4.95229
Tip104	6	8.94571	3.72601	-4.99715
Tip104	7	7.62135	3.10484	-4.46871
Tip104	8	8.75446	3.72439	-5.22775
Tip104	9	8.68375	3.16571	-4.50453
Tip104	10	8.07547	3.02062	-4.75872
Tip104	11	9.00114	3.71228	-5.3446
Tip104	12	7.68713	3.00406	-4.37521
Tip104	13	8.69536	3.46791	-5.08135
Tip104	14	9.04241	3.46809	-4.76441
Tip104	15	7.15565	2.80443	-4.61949
Tip104	16	8.91905	3.46081	-5.58779
Tip104	17	8.31157	2.7473	-4.28919
Tip104	18	8.20824	2.81663	-4.89787
Tip104	19	9.23132	3.42716	-5.14854
Tip104	20	7.16224	2.81552	-4.35131
Tip104	21	8.89111	3.31756	-5.33156
Tip104	22	8.82887	2.89142	-4.45563
Tip104	23	7.2946	2.56966	-4.72571
Tip104	24	9.20027	3.35462	-5.40044
Tip104	25	7.78696	2.6405	-4.19266
Tip104	26	8.51088	2.73035	-4.95487
Tip104	27	9.19899	3.14555	-4.85135
Tip104	28	7.11609	2.59786	-4.46468
Tip104	29	9.06034	3.11343	-5.42344
Tip104	30	8.51943	2.3976	-4.14274
Tip104	31	7.61132	2.26252	-4.80607
Tip104	32	9.25708	2.8999	-5.1699
Tip104	33	7.58379	2.43389	-4.15957
Tip104	34	8.59649	2.67097	-5.13555
Tip104	35	8.96825	2.42097	-4.58283
Tip104	36	7.28744	2.29385	-4.58574
Tip104	37	8.99254	2.6302	-5.27174
Tip104	38	8.21374	2.27	-3.92542
Tip104	39	7.76174	2.01195	-4.91147
Tip104	40	8.99684	2.36417	-4.93008
Tip104	41	7.60296	2.14895	-4.11237
Tip104	42	8.46822	2.31183	-5.13951
Tip104	43	8.59333	1.77022	-4.29454
Tip104	44	7.69327	1.9572	-4.43095
Tip104	45	8.63886	2.20053	-5.03398
Tip104	46	8.11095	1.79974	-4.08015
Tip104	47	8.16455	1.74122	-4.7393
Tip104	48	8.49382	1.67511	-4.49992
Tip104	49	8.10744	1.72985	-4.23542
Tip104	50	8.29292	1.58815	-4.41796
Tip113	1	7.63885	2.67501	-6.18172
Tip113	2	7.2915	2.42628	-6.01582
Tip113	3	7.69064	2.88587	-6.41995
Tip113	4	7.55822	2.3483	-5.78603
Tip113	5	7.56137	2.47689	-6.19024
Tip113	6	7.89936	2.78813	-6.31468
Tip113	7	6.79202	1.80962	-5.42189
Tip113	8	7.71814	2.76288	-6.56908
Tip113	9	7.75334	2.16804	-5.66856
Tip113	10	7.14854	1.84157	-5.77762
Tip113	11	7.93492	2.78647	-6.73951
Tip113	12	6.84469	1.71544	-5.32568
Tip113	13	7.67254	2.49224	-6.39861
Tip113	14	8.01637	2.53297	-6.10534
Tip113	15	6.38364	1.47145	-5.45864
Tip113	16	7.84984	2.53766	-6.98681
Tip113	17	7.42437	1.64753	-5.34811
Tip113	18	7.25164	1.71438	-5.95232
Tip113	19	8.15289	2.53137	-6.5569
Tip113	20	6.38673	1.44528	-5.18266
Tip113	21	7.84715	2.38364	-6.75357
Tip113	22	7.84478	1.91341	-5.65474
Tip113	23	6.4915	1.25452	-5.63235
Tip113	24	8.11533	2.47042	-6.83023
Tip113	25	6.91974	1.34607	-5.10915
Tip113	26	7.50122	1.70071	-6.08699
Tip113	27	8.14621	2.25841	-6.21229
Tip113	28	6.3677	1.24059	-5.30081
Tip113	29	8.00674	2.1916	-6.83508
Tip113	30	7.60089	1.35566	-5.26097
Tip113	31	6.76081	1.00765	-5.77093
Tip113	32	8.18575	2.00489	-6.5369
Tip113	33	6.73945	1.13306	-5.00959
Tip113	34	7.57189	1.67469	-6.33142
Tip113	35	7.9167	1.47588	-5.79554
Tip113	36	6.49003	0.982206	-5.4718
Tip113	37	7.93512	1.70307	-6.58802
Tip113	38	7.32589	1.17131	-4.94405
Tip113	39	6.88292	0.836258	-5.90518
Tip113	40	7.93707	1.43105	-6.17827
Tip113	41	6.76094	0.93046	-4.97989
Tip113	42	7.44219	1.31725	-6.27859
Tip113	43	7.65045	0.762201	-5.43588
Tip113	44	6.82307	0.747371	-5.38791
Tip113	45	7.59978	1.22905	-6.2195
Tip113	46	7.24663	0.714347	-5.07825
Tip113	47	7.24401	0.672391	-5.82544
Tip113	48	7.54028	0.642265	-5.63141
Tip113	49	7.23481	0.646289	-5.25777
Tip113	50	7.37282	0.544477	-5.50817
Tip126	1	10.224	1.84146	-7.69247
Tip126	2	9.86707	1.65544	-7.57424
Tip126	3	10.2329	2.04435	-7.90303
Tip126	4	10.1367	1.56804	-7.35016
Tip126	5	10.1835	1.65836	-7.7119
Tip126	6	10.4523	1.92998	-7.79303
Tip126	7	9.27435	1.1257	-7.08467
Tip126	8	10.2923	1.92302	-8.04912
Tip126	9	10.3366	1.40627	-7.21763
Tip126	10	9.76659	1.13783	-7.45531
Tip126	11	10.5132	1.95677	-8.16598
Tip126	12	9.33989	1.04271	-6.99289
Tip126	13	10.3045	1.6596	-7.8907
Tip126	14	10.5945	1.71935	-7.5793
Tip126	15	8.75684	0.835571	-7.00737
Tip126	16	10.443	1.71832	-8.39113
Tip126	17	9.99764	0.961021	-6.98096
Tip126	18	9.88947	0.985252	-7.62486
Tip126	19	10.7824	1.69371	-7.96847
Tip126	20	8.73503	0.833615	-6.7097
Tip126	21	10.5102	1.55523	-8.17208
Tip126	22	10.4281	1.18069	-7.20408
Tip126	23	8.91934	0.58905	-7.20491
Tip126	24	10.7463	1.64083	-8.21839
Tip126	25	9.3988	0.732575	-6.74226
Tip126	26	10.1914	0.953668	-7.71663
Tip126	27	10.7817	1.48069	-7.63939
Tip126	28	8.7228	0.630247	-6.8209
Tip126	29	10.6765	1.37775	-8.19797
Tip126	30	10.1493	0.701218	-6.86878
Tip126	31	9.25287	0.334115	-7.40427
Tip126	32	10.8676	1.22999	-7.91274
Tip126	33	9.13944	0.528275	-6.55743
Tip126	34	10.2671	0.92453	-7.90616
Tip126	35	10.5441	0.76905	-7.36328
Tip126	36	8.87985	0.341517	-7.02341
Tip126	37	10.635	0.962779	-8.03524
Tip126	38	9.81545	0.544988	-6.54547
Tip126	39	9.39208	0.155191	-7.52508
Tip126	40	10.5967	0.701815	-7.7108
Tip126	41	9.14236	0.313475	-6.51915
Tip126	42	10.067	0.595338	-7.9072
Tip126	43	10.146	0.0845721	-7.02527
Tip126	44	9.28273	0.125383	-6.9733
Tip126	45	10.232	0.505683	-7.82748
Tip126	46	9.70467	0.0664646	-6.64759
Tip126	47	9.80613	-0.0127143	-7.45412
Tip126	48	10.0669	-0.0506657	-7.22859
Tip126	49	9.70421	-0.0134255	-6.8373
Tip126	50	9.8844	-0.134807	-7.10003
Tip121	1	11.739	2.46978	-5.3124
Tip121	2	11.2916	2.14829	-5.05558
Tip121	3	11.8046	2.70227	-5.71203
Tip121	4	11.5283	2.0294	-4.76665
Tip121	5	11.6659	2.25109	-5.30162
Tip121	6	12.0451	2.61301	-5.56405
Tip121	7	10.5888	1.54909	-4.46613
Tip121	8	11.8651	2.57938	-5.90036
Tip121	9	11.6544	1.84216	-4.6435
Tip121	10	11.0458	1.51932	-4.81957
Tip121	11	12.0763	2.58232	-6.15419
Tip121	12	10.6634	1.43375	-4.35488
Tip121	13	11.8298	2.28539	-5.62091
Tip121	14	12.0985	2.3587	-5.24566
Tip121	15	10.1369	1.25849	-4.51632
Tip121	16	11.9449	2.33657	-6.43649
Tip121	17	11.2281	1.33151	-4.32705
Tip121	18	11.1354	1.38686	-5.06278
Tip121	19	12.311	2.35921	-5.9233
Tip121	20	10.1565	1.22987	-4.18557
Tip121	21	12.0205	2.207	-6.15497
Tip121	22	11.6686	1.58213	-4.59868
Tip121	23	10.1897	1.03756	-4.72584
Tip121	24	12.244	2.26667	-6.28203
Tip121	25	10.7109	1.08683	-4.07937
Tip121	26	11.3878	1.3783	-5.26656
Tip121	27	12.2301	2.08674	-5.39075
Tip121	28	10.0687	1.08463	-4.34886
Tip121	29	12.0769	1.97657	-6.25193
Tip121	30	11.3139	1.06921	-4.24203
Tip121	31	10.3994	0.800538	-4.94822
Tip121	32	12.1687	1.76556	-5.88509
Tip121	33	10.5064	0.949179	-3.97885
Tip121	34	11.4184	1.32535	-5.58148
Tip121	35	11.6886	1.1534	-4.8758
Tip121	36	10.1152	0.811198	-4.54713
Tip121	37	11.801	1.40557	-5.92662
Tip121	38	11.0402	0.913926	-3.96682
Tip121	39	10.4556	0.63431	-5.1337
Tip121	40	11.659	1.08035	-5.39242
Tip121	41	10.4666	0.759391	-4.01896
Tip121	42	11.1324	1.00767	-5.54397
Tip121	43	11.2591	0.509277	-4.51883
Tip121	44	10.4531	0.614332	-4.52942
Tip121	45	11.2523	0.927178	-5.45876
Tip121	46	10.8879	0.476061	-4.20068
Tip121	47	10.806	0.434988	-5.04226
Tip121	48	11.0853	0.397371	-4.7801
Tip121	49	10.8279	0.428298	-4.41485
Tip121	50	10.9154	0.307344	-4.70221
Tip135	1	9.38762	2.79059	-6.87365
Tip135	2	9.00603	2.54086	-6.64641
Tip135	3	9.48086	2.96159	-7.26503
Tip135	4	9.2523	2.45161	-6.31335
Tip135	5	9.29786	2.59553	-6.87404
Tip135	6	9.7244	2.88864	-7.10367
Tip135	7	8.58403	2.08247	-5.87364
Tip135	8	9.5453	2.83335	-7.45139
Tip135	9	9.40615	2.27918	-6.12678
Tip135	10	8.85677	2.00487	-6.35416
Tip135	11	9.82387	2.86621	-7.63964
Tip135	12	8.66921	1.98691	-5.73314
Tip135	13	9.45792	2.5875	-7.20055
Tip135	14	9.79433	2.69425	-6.7524
Tip135	15	8.25543	1.75341	-5.88199
Tip135	16	9.76511	2.58068	-7.89709
Tip135	17	9.14933	1.82	-5.73395
Tip135	18	8.90456	1.83768	-6.62752
Tip135	19	10.0447	2.65715	-7.40893
Tip135	20	8.30442	1.77515	-5.48728
Tip135	21	9.75868	2.45136	-7.65933
Tip135	22	9.44105	2.03997	-6.06538
Tip135	23	8.28603	1.48304	-6.10133
Tip135	24	10.0304	2.53764	-7.73613
Tip135	25	8.77658	1.60061	-5.37352
Tip135	26	9.09166	1.80308	-6.87645
Tip135	27	9.91963	2.44963	-6.89967
Tip135	28	8.22768	1.57654	-5.66335
Tip135	29	9.86827	2.21956	-7.73004
Tip135	30	9.30075	1.5081	-5.60786
Tip135	31	8.47935	1.20308	-6.32125
Tip135	32	9.91813	2.06517	-7.38713
Tip135	33	8.64969	1.44525	-5.24373
Tip135	34	9.12704	1.73241	-7.19701
Tip135	35	9.49398	1.61807	-6.40008
Tip135	36	8.27655	1.23566	-5.88886
Tip135	37	9.56176	1.75225	-7.45652
Tip135	38	9.13361	1.32915	-5.26475
Tip135	39	8.55631	1.00172	-6.5017
Tip135	40	9.45442	1.46853	-6.96292
Tip135	41	8.61945	1.19474	-5.28969
Tip135	42	8.94872	1.36288	-7.08714
Tip135	43	9.32271	0.809049	-5.84707
Tip135	44	8.59196	0.987926	-5.83992
Tip135	45	9.08394	1.27845	-7.0024
Tip135	46	9.04878	0.775496	-5.46815
Tip135	47	8.88915	0.775693	-6.41497
Tip135	48	9.16273	0.71626	-6.10907
Tip135	49	8.99264	0.749836	-5.68155
Tip135	50	9.05085	0.625691	-6.00253
Tip137	1	8.85623	2.26072	-7.18439
Tip137	2	8.48524	2.0109	-6.94236
Tip137	3	8.95175	2.4383	-7.58168
Tip137	4	8.73109	1.90651	-6.61884
Tip137	5	8.76584	2.06855	-7.18079
Tip137	6	9.18952	2.36509	-7.42522
Tip137	7	8.03733	1.49912	-6.14162
Tip137	8	9.01482	2.30885	-7.77969
Tip137	9	8.8828	1.72669	-6.42367
Tip137	10	8.314	1.43939	-6.62419
Tip137	11	9.3001	2.3388	-7.96926
Tip137	12	8.11452	1.40376	-6.00894
Tip137	13	8.92942	2.06251	-7.51952
Tip137	14	9.25199	2.1733	-7.05892
Tip137	15	7.70331	1.16874	-6.14197
Tip137	16	9.23982	2.06562	-8.2136
Tip137	17	8.59154	1.25601	-6.03978
Tip137	18	8.34862	1.29215	-6.88576
Tip137	19	9.49688	2.12733	-7.72838
Tip137	20	7.74607	1.18132	-5.76615
Tip137	21	9.21577	1.92765	-7.97792
Tip137	22	8.90427	1.47845	-6.36373
Tip137	23	7.72174	0.90796	-6.35486
Tip137	24	9.49699	2.01149	-8.05735
Tip137	25	8.21545	1.03216	-5.67473
Tip137	26	8.53441	1.28668	-7.13262
Tip137	27	9.36491	1.92423	-7.19748
Tip137	28	7.66739	0.991346	-5.94186
Tip137	29	9.32354	1.70642	-8.03147
Tip137	30	8.74456	0.968594	-5.90806
Tip137	31	7.91697	0.647864	-6.56258
Tip137	32	9.37196	1.55902	-7.68499
Tip137	33	8.08894	0.882521	-5.54
Tip137	34	8.57383	1.24325	-7.45607
Tip137	35	8.92546	1.0768	-6.67029
Tip137	36	7.70612	0.676472	-6.15398
Tip137	37	9.02261	1.25804	-7.72871
Tip137	38	8.58059	0.804927	-5.56025
Tip137	39	8.00937	0.462613	-6.73375
Tip137	40	8.89917	0.971013	-7.21553
Tip137	41	8.06005	0.648582	-5.57445
Tip137	42	8.40642	0.879062	-7.31693
Tip137	43	8.76454	0.31254	-6.08664
Tip137	44	8.01882	0.441601	-6.10311
Tip137	45	8.53788	0.796486	-7.23245
Tip137	46	8.49608	0.278934	-5.7295
Tip137	47	8.33266	0.256366	-6.64134
Tip137	48	8.60453	0.210808	-6.33672
Tip137	49	8.4373	0.246817	-5.92589
Tip137	50	8.49467	0.121453	-6.22511
Tip141	1	9.41753	3.32241	-6.03683
Tip141	2	9.08201	3.09674	-5.79402
Tip141	3	9.44723	3.44274	-6.44409
Tip141	4	9.33149	3.02381	-5.40236
Tip141	5	9.33893	3.14937	-6.04444
Tip141	6	9.69476	3.39085	-6.26752
Tip141	7	8.59831	2.70334	-4.88561
Tip141	8	9.50155	3.31238	-6.63087
Tip141	9	9.48701	2.86602	-5.18995
Tip141	10	8.90723	2.59566	-5.42806
Tip141	11	9.79699	3.34216	-6.83789
Tip141	12	8.68808	2.61697	-4.7089
Tip141	13	9.4493	3.12653	-6.37523
Tip141	14	9.79783	3.24827	-5.89164
Tip141	15	8.24997	2.4031	-4.83204
Tip141	16	9.7384	3.06623	-7.11755
Tip141	17	9.23665	2.45495	-4.73095
Tip141	18	8.96473	2.42364	-5.7251
Tip141	19	10.0094	3.17194	-6.59349
Tip141	20	8.3293	2.44119	-4.41547
Tip141	21	9.71546	2.96235	-6.86463
Tip141	22	9.52906	2.62773	-5.12291
Tip141	23	8.26482	2.13003	-5.09709
Tip141	24	9.99811	3.03476	-6.95718
Tip141	25	8.82683	2.27839	-4.26663
Tip141	26	9.14389	2.39331	-5.98776
Tip141	27	9.90865	3.00625	-6.0262
Tip141	28	8.23179	2.23626	-4.60984
Tip141	29	9.82513	2.73553	-6.94436
Tip141	30	9.37755	2.15634	-4.57317
Tip141	31	8.457	1.82887	-5.38553
Tip141	32	9.86854	2.62381	-6.57252
Tip141	33	8.68185	2.14372	-4.13819
Tip141	34	9.13029	2.32839	-6.33017
Tip141	35	9.54882	2.21594	-5.44448
Tip141	36	8.26244	1.8972	-4.87037
Tip141	37	9.52501	2.30651	-6.62679
Tip141	38	9.21131	2.03562	-4.18116
Tip141	39	8.53174	1.60992	-5.59044
Tip141	40	9.46672	2.04616	-6.07192
Tip141	41	8.66289	1.91773	-4.19369
Tip141	42	8.95608	1.95469	-6.21571
Tip141	43	9.31328	1.44648	-4.8501
Tip141	44	8.5865	1.68807	-4.84322
Tip141	45	9.08772	1.87663	-6.11734
Tip141	46	9.069	1.48948	-4.42402
Tip141	47	8.87662	1.39495	-5.4996
Tip141	48	9.15818	1.32942	-5.14307
Tip141	49	9.00275	1.42558	-4.65618
Tip141	50	9.04817	1.25569	-5.02152
Tip138	1	10.2527	3.12311	-5.03319
Tip138	2	9.9285	2.8827	-4.87812
Tip138	3	10.2318	3.31017	-5.35204
Tip138	4	10.1468	2.80044	-4.61074
Tip138	5	10.2005	2.93264	-5.03778
Tip138	6	10.5045	3.21011	-5.1939
Tip138	7	9.5005	2.44083	-4.23963
Tip138	8	10.2826	3.18986	-5.5101
Tip138	9	10.3019	2.63658	-4.45666
Tip138	10	9.83643	2.36705	-4.64667
Tip138	11	10.5093	3.19075	-5.69334
Tip138	12	9.58095	2.35407	-4.12862
Tip138	13	10.3143	2.91869	-5.3044
Tip138	14	10.6311	2.9798	-4.92277
Tip138	15	9.17133	2.13736	-4.23392
Tip138	16	10.4302	2.91842	-6.00785
Tip138	17	10.0448	2.22837	-4.15491
Tip138	18	9.90874	2.21511	-4.86188
Tip138	19	10.8162	2.92593	-5.45513
Tip138	20	9.16114	2.17228	-3.93384
Tip138	21	10.4998	2.80284	-5.71146
Tip138	22	10.3773	2.37487	-4.42956
Tip138	23	9.26456	1.87776	-4.44806
Tip138	24	10.7447	2.85023	-5.78595
Tip138	25	9.68095	2.03846	-3.87005
Tip138	26	10.0911	2.16143	-5.04172
Tip138	27	10.7879	2.72229	-5.04281
Tip138	28	9.15258	1.96311	-4.07662
Tip138	29	10.6102	2.56397	-5.82144
Tip138	30	10.171	1.93812	-4.07282
Tip138	31	9.4974	1.57032	-4.63439
Tip138	32	10.7502	2.37956	-5.48463
Tip138	33	9.5492	1.90205	-3.77565
Tip138	34	10.1077	2.1184	-5.29348
Tip138	35	10.4352	1.92778	-4.66952
Tip138	36	9.27254	1.6719	-4.27448
Tip138	37	10.4475	2.07491	-5.55629
Tip138	38	9.98959	1.82529	-3.79134
Tip138	39	9.54711	1.32422	-4.8111
Tip138	40	10.3995	1.83817	-5.12824
Tip138	41	9.5584	1.68013	-3.82026
Tip138	42	9.97389	1.7612	-5.26083
Tip138	43	10.2043	1.24055	-4.3075
Tip138	44	9.56692	1.41896	-4.28264
Tip138	45	10.105	1.64943	-5.19975
Tip138	46	9.94387	1.29125	-4.01062
Tip138	47	9.85625	1.06481	-4.7844
Tip138	48	10.0878	1.06502	-4.56237
Tip138	49	9.89819	1.20768	-4.19461
Tip138	50	9.97294	0.982902	-4.47948
Tip130	1	9.03549	4.20268	-7.42285
Tip130	2	8.74594	3.96694	-7.22625
Tip130	3	9.04895	4.40938	-7.63108
Tip130	4	9.02439	3.9103	-7.00241
Tip130	5	8.99066	4.02886	-7.42748
Tip130	6	9.25773	4.34683	-7.52347
Tip130	7	8.40153	3.37864	-6.40155
Tip130	8	9.08782	4.30418	-7.76745
Tip130	9	9.25643	3.7222	-6.8459
Tip130	10	8.76287	3.47456	-6.92673
Tip130	11	9.29805	4.34053	-7.88926
Tip130	12	8.4701	3.28564	-6.28358
Tip130	13	9.10118	4.04956	-7.62171
Tip130	14	9.4065	4.098	-7.28298
Tip130	15	8.03266	3.00506	-6.27157
Tip130	16	9.27737	4.07052	-8.09951
Tip130	17	9.01639	3.20886	-6.41819
Tip130	18	8.87651	3.34936	-7.12203
Tip130	19	9.56052	4.13958	-7.69158
Tip130	20	8.03484	2.9668	-5.92065
Tip130	21	9.2997	3.94704	-7.92251
Tip130	22	9.35091	3.47017	-6.82094
Tip130	23	8.18042	2.81364	-6.46956
Tip130	24	9.52824	4.04873	-7.94081
Tip130	25	8.58569	2.9523	-5.93756
Tip130	26	9.10928	3.35462	-7.30668
Tip130	27	9.58829	3.8866	-7.35559
Tip130	28	8.0315	2.75584	-6.02132
Tip130	29	9.44826	3.7688	-7.96823
Tip130	30	9.21779	2.88645	-6.21898
Tip130	31	8.4986	2.5867	-6.68093
Tip130	32	9.64554	3.64406	-7.64949
Tip130	33	8.43373	2.68452	-5.71956
Tip130	34	9.15573	3.30663	-7.54078
Tip130	35	9.49439	3.05277	-6.9422
Tip130	36	8.18619	2.49385	-6.22738
Tip130	37	9.46076	3.33934	-7.73407
Tip130	38	9.00651	2.6897	-5.75595
Tip130	39	8.6433	2.37811	-6.82085
Tip130	40	9.50868	3.02431	-7.33138
Tip130	41	8.47046	2.41745	-5.65329
Tip130	42	9.08495	2.93359	-7.46628
Tip130	43	9.30283	2.20416	-6.25522
Tip130	44	8.57153	2.2376	-6.15525
Tip130	45	9.24145	2.8332	-7.38359
Tip130	46	8.93614	2.13849	-5.83887
Tip130	47	9.03016	2.16602	-6.72516
Tip130	48	9.2388	2.08543	-6.45229
Tip130	49	8.93438	2.08026	-6.02257
Tip130	50	9.08115	1.94477	-6.28667
Tip134	1	8.93707	4.06877	-8.22286
Tip134	2	8.66083	3.80357	-8.03644
Tip134	3	8.96443	4.24431	-8.41908
Tip134	4	8.9461	3.76178	-7.80923
Tip134	5	8.89093	3.89194	-8.2401
Tip134	6	9.16332	4.19908	-8.32574
Tip134	7	8.41187	3.17391	-7.29599
Tip134	8	8.98959	4.13221	-8.57366
Tip134	9	9.1806	3.5863	-7.65624
Tip134	10	8.71198	3.26982	-7.77441
Tip134	11	9.19332	4.17617	-8.69415
Tip134	12	8.50591	3.07355	-7.1982
Tip134	13	8.99469	3.9126	-8.43585
Tip134	14	9.30479	3.98276	-8.10579
Tip134	15	8.07173	2.71971	-7.21088
Tip134	16	9.14944	3.91213	-8.90746
Tip134	17	9.04399	3.03246	-7.30824
Tip134	18	8.80723	3.1664	-7.98408
Tip134	19	9.44371	4.00183	-8.50711
Tip134	20	8.12004	2.683	-6.87163
Tip134	21	9.16711	3.80843	-8.73924
Tip134	22	9.30653	3.33455	-7.64112
Tip134	23	8.20074	2.5383	-7.42575
Tip134	24	9.4059	3.9053	-8.75649
Tip134	25	8.66813	2.71472	-6.88459
Tip134	26	9.02079	3.19219	-8.17793
Tip134	27	9.47556	3.77587	-8.19065
Tip134	28	8.11051	2.44936	-6.98812
Tip134	29	9.31784	3.63133	-8.7931
Tip134	30	9.28196	2.7182	-7.14536
Tip134	31	8.4818	2.34637	-7.61793
Tip134	32	9.51315	3.51784	-8.49786
Tip134	33	8.51862	2.42476	-6.69947
Tip134	34	9.05188	3.14639	-8.41674
Tip134	35	9.47707	2.90506	-7.8086
Tip134	36	8.23878	2.21148	-7.20678
Tip134	37	9.33966	3.19165	-8.6004
Tip134	38	9.07919	2.50012	-6.70548
Tip134	39	8.62177	2.15083	-7.74491
Tip134	40	9.43819	2.88675	-8.2201
Tip134	41	8.54848	2.16205	-6.63604
Tip134	42	9.01886	2.76101	-8.36162
Tip134	43	9.35893	2.01712	-7.20872
Tip134	44	8.62766	1.98073	-7.1465
Tip134	45	9.1752	2.67979	-8.29332
Tip134	46	8.99666	1.93531	-6.80963
Tip134	47	9.0292	1.96226	-7.65492
Tip134	48	9.27619	1.89209	-7.40297
Tip134	49	8.99446	1.86597	-6.99825
Tip134	50	9.13468	1.74509	-7.2312
Tip124	1	9.0865	2.11444	-6.44998
Tip124	2	8.84334	1.85334	-6.31334
Tip124	3	9.12592	2.34973	-6.67615
Tip124	4	9.15698	1.73992	-6.00786
Tip124	5	9.03904	1.91692	-6.46731
Tip124	6	9.33825	2.2545	-6.53026
Tip124	7	8.6327	1.22605	-5.75947
Tip124	8	9.16914	2.24611	-6.81669
Tip124	9	9.41804	1.55976	-5.82969
Tip124	10	8.90872	1.2436	-6.08903
Tip124	11	9.37869	2.31917	-6.95201
Tip124	12	8.72493	1.10414	-5.64128
Tip124	13	9.14324	1.96738	-6.66186
Tip124	14	9.49792	1.99299	-6.23326
Tip124	15	8.20104	0.977777	-5.85337
Tip124	16	9.2963	2.12035	-7.20059
Tip124	17	9.30599	1.01705	-5.54964
Tip124	18	8.98909	1.11884	-6.26033
Tip124	19	9.62993	2.07967	-6.70011
Tip124	20	8.26393	0.960947	-5.5692
Tip124	21	9.32157	1.93638	-6.96353
Tip124	22	9.5744	1.31767	-5.78943
Tip124	23	8.32064	0.77456	-5.98823
Tip124	24	9.58308	2.06647	-6.99269
Tip124	25	8.91102	0.763618	-5.3728
Tip124	26	9.21468	1.14337	-6.35726
Tip124	27	9.68544	1.74837	-6.29699
Tip124	28	8.21797	0.778671	-5.66842
Tip124	29	9.48079	1.7945	-7.01313
Tip124	30	9.524	0.752364	-5.38965
Tip124	31	8.60102	0.473583	-6.04804
Tip124	32	9.73742	1.56911	-6.67128
Tip124	33	8.70957	0.570297	-5.30418
Tip124	34	9.23052	1.14746	-6.57458
Tip124	35	9.72342	0.927049	-5.93655
Tip124	36	8.34439	0.485169	-5.78987
Tip124	37	9.53226	1.27567	-6.76714
Tip124	38	9.31194	0.546903	-5.11218
Tip124	39	8.70069	0.290338	-6.1337
Tip124	40	9.69016	0.954373	-6.34313
Tip124	41	8.71112	0.350029	-5.23711
Tip124	42	9.17507	0.804035	-6.52718
Tip124	43	9.57955	0.223485	-5.49148
Tip124	44	8.7615	0.192686	-5.59171
Tip124	45	9.37116	0.729655	-6.44204
Tip124	46	9.22379	0.120307	-5.19977
Tip124	47	9.12769	0.130113	-5.97399
Tip124	48	9.45821	0.11409	-5.71611
Tip124	49	9.20364	0.0687534	-5.36153
Tip124	50	9.32177	0.00566872	-5.58813
Tip107	1	9.07119	2.24618	-5.73818
Tip107	2	8.8322	2.00899	-5.52641
Tip107	3	9.09508	2.46813	-6.00038
Tip107	4	9.1179	1.91337	-5.1982
Tip107	5	9.02122	2.05978	-5.72742
Tip107	6	9.30416	2.38352	-5.84797
Tip107	7	8.57052	1.48278	-4.81722
Tip107	8	9.13267	2.37291	-6.14654
Tip107	9	9.33492	1.76843	-4.99626
Tip107	10	8.84909	1.48845	-5.2327
Tip107	11	9.32845	2.45396	-6.29777
Tip107	12	8.63112	1.37002	-4.67217
Tip107	13	9.11502	2.11322	-5.95584
Tip107	14	9.45216	2.141	-5.52082
Tip107	15	8.13454	1.26793	-4.92592
Tip107	16	9.22922	2.26625	-6.57007
Tip107	17	9.15656	1.27045	-4.61017
Tip107	18	8.91397	1.39055	-5.442
Tip107	19	9.57512	2.2369	-6.01895
Tip107	20	8.16745	1.2438	-4.62039
Tip107	21	9.26324	2.09339	-6.302
Tip107	22	9.46186	1.55592	-4.9318
Tip107	23	8.25715	1.09541	-5.08782
Tip107	24	9.51439	2.21528	-6.34146
Tip107	25	8.74225	1.06012	-4.38665
Tip107	26	9.1231	1.41813	-5.56589
Tip107	27	9.61616	1.93166	-5.56562
Tip107	28	8.12113	1.08614	-4.72562
Tip107	29	9.40633	1.9678	-6.35485
Tip107	30	9.32012	1.03811	-4.45387
Tip107	31	8.47839	0.830344	-5.1792
Tip107	32	9.65659	1.79213	-5.97167
Tip107	33	8.52467	0.88402	-4.31962
Tip107	34	9.14086	1.43847	-5.82973
Tip107	35	9.55939	1.23552	-5.08172
Tip107	36	8.23169	0.829606	-4.87357
Tip107	37	9.4418	1.5453	-6.07317
Tip107	38	9.08349	0.849946	-4.14911
Tip107	39	8.5599	0.66414	-5.2919
Tip107	40	9.56677	1.28502	-5.56508
Tip107	41	8.49669	0.679149	-4.25623
Tip107	42	9.07229	1.15666	-5.78085
Tip107	43	9.35529	0.588004	-4.57384
Tip107	44	8.56059	0.550913	-4.63035
Tip107	45	9.25785	1.097	-5.68198
Tip107	46	8.98222	0.486344	-4.23614
Tip107	47	8.93182	0.494224	-5.09518
Tip107	48	9.23919	0.481544	-4.82462
Tip107	49	8.97302	0.452536	-4.39403
Tip107	50	9.09749	0.373974	-4.66602
Tip127	1	9.10748	2.04517	-5.27359
Tip127	2	8.87847	1.8572	-5.04755
Tip127	3	9.12342	2.25785	-5.57881
Tip127	4	9.15993	1.76559	-4.71231
Tip127	5	9.06737	1.87398	-5.25615
Tip127	6	9.32518	2.15762	-5.40185
Tip127	7	8.64462	1.43974	-4.36265
Tip127	8	9.16576	2.15849	-5.73471
Tip127	9	9.38469	1.6383	-4.51355
Tip127	10	8.93209	1.39908	-4.77136
Tip127	11	9.35279	2.22878	-5.89583
Tip127	12	8.71434	1.33747	-4.22364
Tip127	13	9.1631	1.9028	-5.5062
Tip127	14	9.47885	1.92899	-5.0496
Tip127	15	8.22719	1.23357	-4.52467
Tip127	16	9.26307	2.05336	-6.18443
Tip127	17	9.24002	1.2402	-4.15583
Tip127	18	9.00113	1.28366	-4.99194
Tip127	19	9.60841	1.99697	-5.58217
Tip127	20	8.26123	1.21339	-4.20968
Tip127	21	9.31074	1.86622	-5.89205
Tip127	22	9.52527	1.44756	-4.46061
Tip127	23	8.35695	1.06309	-4.68625
Tip127	24	9.54313	1.98014	-5.93562
Tip127	25	8.85228	1.0465	-3.95005
Tip127	26	9.20639	1.27832	-5.1155
Tip127	27	9.66527	1.72274	-5.1032
Tip127	28	8.22601	1.05994	-4.32547
Tip127	29	9.45584	1.74216	-5.94658
Tip127	30	9.41305	1.03104	-4.00602
Tip127	31	8.58752	0.791514	-4.78855
Tip127	32	9.71727	1.57651	-5.55348
Tip127	33	8.64916	0.874555	-3.8953
Tip127	34	9.22585	1.27092	-5.38963
Tip127	35	9.64367	1.13474	-4.62633
Tip127	36	8.34519	0.806701	-4.48658
Tip127	37	9.52137	1.34149	-5.65369
Tip127	38	9.18903	0.858447	-3.7144
Tip127	39	8.67427	0.6222	-4.90704
Tip127	40	9.65754	1.13055	-5.12107
Tip127	41	8.62407	0.678864	-3.84216
Tip127	42	9.16816	1.02305	-5.3608
Tip127	43	9.4712	0.585743	-4.15825
Tip127	44	8.68816	0.547034	-4.23271
Tip127	45	9.35557	0.965833	-5.25832
Tip127	46	9.10799	0.506178	-3.81848
Tip127	47	9.0482	0.464478	-4.71489
Tip127	48	9.35855	0.470364	-4.42831
Tip127	49	9.09953	0.470624	-3.98231
Tip127	50	9.22398	0.377749	-4.26744
Tip133	1	7.15573	2.08858	-5.77209
Tip133	2	6.80445	1.82115	-5.67331
Tip133	3	7.24023	2.32189	-6.00874
Tip133	4	7.05081	1.7108	-5.39056
Tip133	5	7.06517	1.87281	-5.78514
Tip133	6	7.42802	2.20728	-5.861
Tip133	7	6.32644	1.18196	-5.26797
Tip133	8	7.27147	2.19818	-6.13345
Tip133	9	7.2391	1.49677	-5.25291
Tip133	10	6.63497	1.18643	-5.53314
Tip133	11	7.51114	2.24307	-6.25186
Tip133	12	6.38926	1.05815	-5.17497
Tip133	13	7.19071	1.90778	-5.95992
Tip133	14	7.5157	1.93289	-5.60559
Tip133	15	5.92323	0.873124	-5.36566
Tip133	16	7.45906	2.0169	-6.49283
Tip133	17	6.93317	0.936724	-5.06943
Tip133	18	6.73822	1.07153	-5.68513
Tip133	19	7.69963	1.96891	-6.01801
Tip133	20	5.95917	0.844313	-5.0923
Tip133	21	7.41167	1.84546	-6.25355
Tip133	22	7.34302	1.24845	-5.24206
Tip133	23	6.0147	0.650272	-5.5189
Tip133	24	7.69087	1.93446	-6.28561
Tip133	25	6.50576	0.682765	-4.95409
Tip133	26	7.00711	1.08103	-5.74569
Tip133	27	7.64796	1.67243	-5.68289
Tip133	28	5.92341	0.637728	-5.19929
Tip133	29	7.5681	1.68487	-6.29772
Tip133	30	7.13647	0.649238	-4.96808
Tip133	31	6.28761	0.364063	-5.60364
Tip133	32	7.72568	1.47218	-6.00408
Tip133	33	6.33697	0.46563	-4.88945
Tip133	34	7.09113	1.07924	-5.96702
Tip133	35	7.44736	0.84519	-5.40766
Tip133	36	6.03859	0.350199	-5.34265
Tip133	37	7.48158	1.18898	-6.11697
Tip133	38	6.90045	0.476701	-4.70675
Tip133	39	6.41804	0.192526	-5.72504
Tip133	40	7.49446	0.868225	-5.77298
Tip133	41	6.36677	0.241814	-4.85112
Tip133	42	6.97494	0.742834	-6.00255
Tip133	43	7.20186	0.0848336	-5.16776
Tip133	44	6.40605	0.0771502	-5.23021
Tip133	45	7.15432	0.659829	-5.90669
Tip133	46	6.83418	0.0136993	-4.84292
Tip133	47	6.78476	0.0173225	-5.62308
Tip133	48	7.09576	-0.0198173	-5.39596
Tip133	49	6.8052	-0.0461212	-5.02362
Tip133	50	6.94561	-0.127645	-5.28554
Tip119	1	9.79478	2.59107	-5.66948
Tip119	2	9.45091	2.35785	-5.53717
Tip119	3	9.83629	2.81314	-5.91311
Tip119	4	9.72933	2.25596	-5.31275
Tip119	5	9.73038	2.39786	-5.65401
Tip119	6	10.0442	2.7067	-5.78096
Tip119	7	8.99762	1.74958	-5.1013
Tip119	8	9.87558	2.69048	-6.01895
Tip119	9	9.92282	2.05529	-5.16616
Tip119	10	9.36635	1.77573	-5.36104
Tip119	11	10.0778	2.70443	-6.13846
Tip119	12	9.05765	1.63746	-5.00485
Tip119	13	9.85749	2.40754	-5.82191
Tip119	14	10.1697	2.44652	-5.52733
Tip119	15	8.50014	1.40958	-5.22331
Tip119	16	10.0071	2.45013	-6.35924
Tip119	17	9.63921	1.55578	-4.93156
Tip119	18	9.4705	1.63841	-5.50055
Tip119	19	10.3188	2.43425	-5.91471
Tip119	20	8.5255	1.38812	-4.96009
Tip119	21	10.0264	2.28836	-6.11744
Tip119	22	10.025	1.81913	-5.14491
Tip119	23	8.61754	1.18501	-5.36416
Tip119	24	10.2733	2.36639	-6.16738
Tip119	25	9.1569	1.26036	-4.81463
Tip119	26	9.73214	1.63983	-5.58767
Tip119	27	10.3047	2.16647	-5.58954
Tip119	28	8.48015	1.17814	-5.07576
Tip119	29	10.1659	2.09874	-6.17012
Tip119	30	9.79287	1.2664	-4.85061
Tip119	31	8.90967	0.929251	-5.44059
Tip119	32	10.3304	1.91734	-5.88651
Tip119	33	8.93733	1.02874	-4.76421
Tip119	34	9.77799	1.6114	-5.78624
Tip119	35	10.0982	1.38109	-5.27512
Tip119	36	8.60238	0.90332	-5.21768
Tip119	37	10.0942	1.63879	-5.95098
Tip119	38	9.51833	1.0765	-4.61461
Tip119	39	9.0163	0.751069	-5.5521
Tip119	40	10.111	1.35359	-5.60686
Tip119	41	8.92544	0.813328	-4.73138
Tip119	42	9.64237	1.25119	-5.78562
Tip119	43	9.76985	0.641244	-5.02326
Tip119	44	8.9697	0.650257	-5.08594
Tip119	45	9.79042	1.15451	-5.70656
Tip119	46	9.39128	0.592055	-4.74602
Tip119	47	9.36571	0.561701	-5.42633
Tip119	48	9.65316	0.51849	-5.21321
Tip119	49	9.36759	0.517121	-4.90675
Tip119	50	9.47697	0.40117	-5.12752
Tip142	1	9.84262	8.62155	-4.76719
Tip142	2	9.42214	8.51662	-4.66427
Tip142	3	9.89717	8.66016	-5.02952
Tip142	4	9.72037	8.52411	-4.36327
Tip142	5	9.75246	8.5238	-4.75395
Tip142	6	10.2032	8.60911	-4.8568
Tip142	7	8.9478	8.10635	-4.30221
Tip142	8	9.95215	8.53753	-5.12308
Tip142	9	9.95731	8.34523	-4.19356
Tip142	10	9.36747	8.11832	-4.54992
Tip142	11	10.229	8.43586	-5.24517
Tip142	12	9.02971	8.03354	-4.19226
Tip142	13	9.90099	8.45999	-4.91691
Tip142	14	10.3704	8.48239	-4.57237
Tip142	15	8.48613	7.6699	-4.42453
Tip142	16	10.1656	8.15483	-5.47443
Tip142	17	9.62379	7.98927	-4.01459
Tip142	18	9.49318	7.96735	-4.68177
Tip142	19	10.565	8.3051	-4.99567
Tip142	20	8.51476	7.69411	-4.16638
Tip142	21	10.1622	8.20233	-5.18469
Tip142	22	10.1038	8.13119	-4.17419
Tip142	23	8.65694	7.50716	-4.53204
Tip142	24	10.4714	8.13958	-5.24086
Tip142	25	9.16405	7.77633	-3.95985
Tip142	26	9.78499	7.93289	-4.71798
Tip142	27	10.5555	8.21173	-4.64406
Tip142	28	8.46346	7.45873	-4.27839
Tip142	29	10.3297	7.97729	-5.24867
Tip142	30	9.84011	7.69446	-3.87087
Tip142	31	9.02971	7.36212	-4.59673
Tip142	32	10.5656	7.88272	-4.98045
Tip142	33	8.9639	7.53169	-3.94041
Tip142	34	9.87466	7.80647	-4.90588
Tip142	35	10.2626	7.686	-4.34181
Tip142	36	8.68448	7.25196	-4.38731
Tip142	37	10.2657	7.63495	-5.09749
Tip142	38	9.54813	7.46698	-3.66722
Tip142	39	9.15034	7.12629	-4.67589
Tip142	40	10.281	7.51702	-4.71886
Tip142	41	8.99171	7.24329	-3.89352
Tip142	42	9.73691	7.46895	-4.91485
Tip142	43	9.87722	7.07581	-4.00396
Tip142	44	9.1059	7.11551	-4.21036
Tip142	45	9.91776	7.37816	-4.80486
Tip142	46	9.47895	6.99558	-3.78018
Tip142	47	9.51876	6.96308	-4.47914
Tip142	48	9.81653	6.93673	-4.19767
Tip142	49	9.46665	6.97488	-3.92951
Tip142	50	9.632	6.8243	-4.11593
Tip108	1	6.6766	0.358097	-6.04257
Tip108	2	6.26075	0.170566	-5.90925
Tip108	3	6.79491	0.643891	-6.25387
Tip108	4	6.56081	0.102121	-5.60687
Tip108	5	6.56098	0.125342	-6.09116
Tip108	6	7.02818	0.480009	-6.11984
Tip108	7	5.70592	-0.150041	-5.34211
Tip108	8	6.8125	0.467843	-6.40341
Tip108	9	6.80971	-0.144921	-5.51213
Tip108	10	6.14332	-0.394216	-5.79733
Tip108	11	7.059	0.503996	-6.54076
Tip108	12	5.78768	-0.255319	-5.24763
Tip108	13	6.69173	0.0909564	-6.28515
Tip108	14	7.18267	0.21383	-5.86355
Tip108	15	5.24967	-0.315769	-5.50058
Tip108	16	6.9772	0.218356	-6.85031
Tip108	17	6.4538	-0.493834	-5.27695
Tip108	18	6.25486	-0.599168	-6.06621
Tip108	19	7.31384	0.208747	-6.32462
Tip108	20	5.30033	-0.2955	-5.1926
Tip108	21	6.91171	-0.0426655	-6.62892
Tip108	22	6.97391	-0.394183	-5.52058
Tip108	23	5.37361	-0.598828	-5.6992
Tip108	24	7.27249	0.122385	-6.6141
Tip108	25	5.92506	-0.572499	-5.11374
Tip108	26	6.54805	-0.695024	-6.20646
Tip108	27	7.32744	-0.106275	-5.9914
Tip108	28	5.23822	-0.484024	-5.34158
Tip108	29	7.10831	-0.215551	-6.72306
Tip108	30	6.72594	-0.756148	-5.26886
Tip108	31	5.72547	-0.953756	-5.93316
Tip108	32	7.33539	-0.391156	-6.4074
Tip108	33	5.71643	-0.722548	-5.06509
Tip108	34	6.62384	-0.76052	-6.44622
Tip108	35	7.10346	-0.831892	-5.80112
Tip108	36	5.4016	-0.838166	-5.58178
Tip108	37	7.04807	-0.70413	-6.60301
Tip108	38	6.41742	-0.841157	-4.99751
Tip108	39	5.94978	-1.17404	-6.12654
Tip108	40	7.08839	-0.923791	-6.21181
Tip108	41	5.76031	-0.963371	-5.09023
Tip108	42	6.55369	-1.01684	-6.45401
Tip108	43	6.83757	-1.29744	-5.5351
Tip108	44	5.85626	-1.17617	-5.53226
Tip108	45	6.74362	-1.10175	-6.35257
Tip108	46	6.35257	-1.28453	-5.18107
Tip108	47	6.36983	-1.4013	-5.99683
Tip108	48	6.74097	-1.42039	-5.73545
Tip108	49	6.35878	-1.38171	-5.37412
Tip108	50	6.54236	-1.49801	-5.61669
Tip82	1	4.11401	4.84807	-8.95008
Tip82	2	3.67284	4.69248	-8.87436
Tip82	3	4.25706	5.03784	-9.13149
Tip82	4	3.94321	4.60338	-8.5657
Tip82	5	3.97033	4.65603	-9.02297
Tip82	6	4.47123	4.94627	-9.00197
Tip82	7	3.26593	4.36069	-8.47404
Tip82	8	4.25367	4.89474	-9.30242
Tip82	9	4.19353	4.37518	-8.47013
Tip82	10	3.47526	4.20595	-8.90499
Tip82	11	4.54356	4.89051	-9.36398
Tip82	12	3.34024	4.24279	-8.38119
Tip82	13	4.09381	4.61672	-9.22713
Tip82	14	4.62087	4.72443	-8.73537
Tip82	15	2.8893	4.0665	-8.53242
Tip82	16	4.42186	4.5661	-9.65172
Tip82	17	3.83746	4.01861	-8.40491
Tip82	18	3.54035	3.97294	-9.09757
Tip82	19	4.81397	4.66918	-9.17577
Tip82	20	2.94519	4.03306	-8.22295
Tip82	21	4.30615	4.45464	-9.49997
Tip82	22	4.3858	4.08954	-8.50305
Tip82	23	2.9429	3.8073	-8.70868
Tip82	24	4.73065	4.5264	-9.45321
Tip82	25	3.45078	3.85651	-8.24151
Tip82	26	3.84185	3.83405	-9.20503
Tip82	27	4.79579	4.42548	-8.88759
Tip82	28	2.89261	3.8066	-8.33046
Tip82	29	4.51217	4.23108	-9.5864
Tip82	30	4.13696	3.61021	-8.28566
Tip82	31	3.15372	3.38987	-8.88276
Tip82	32	4.77985	4.04851	-9.30068
Tip82	33	3.32049	3.62768	-8.16022
Tip82	34	3.95051	3.70952	-9.36882
Tip82	35	4.54549	3.53979	-8.73123
Tip82	36	2.9817	3.46906	-8.56576
Tip82	37	4.47279	3.73704	-9.44439
Tip82	38	3.9081	3.40447	-8.02576
Tip82	39	3.3474	3.06569	-9.00032
Tip82	40	4.56114	3.42507	-9.08531
Tip82	41	3.37326	3.27725	-8.13391
Tip82	42	3.89694	3.34453	-9.30085
Tip82	43	4.32905	2.82367	-8.39873
Tip82	44	3.33898	3.04949	-8.50587
Tip82	45	4.14391	3.22362	-9.20246
Tip82	46	3.93232	2.82148	-8.0076
Tip82	47	3.76341	2.75004	-8.85589
Tip82	48	4.20764	2.69624	-8.58469
Tip82	49	3.89027	2.73409	-8.18463
Tip82	50	4.04704	2.5861	-8.42454
Tip95	1	5.14235	3.4629	-7.80366
Tip95	2	4.69663	3.33688	-7.72579
Tip95	3	5.27712	3.63272	-8.00103
Tip95	4	4.96701	3.25311	-7.43387
Tip95	5	5.00356	3.29668	-7.85541
Tip95	6	5.52553	3.54137	-7.90541
Tip95	7	4.2209	3.10396	-7.35112
Tip95	8	5.26857	3.50883	-8.13846
Tip95	9	5.23024	3.05829	-7.38096
Tip95	10	4.48063	2.93165	-7.71182
Tip95	11	5.57085	3.52354	-8.23541
Tip95	12	4.28869	2.98667	-7.2676
Tip95	13	5.11649	3.26592	-8.04246
Tip95	14	5.69489	3.31986	-7.67291
Tip95	15	3.87132	2.8716	-7.42108
Tip95	16	5.42417	3.25507	-8.52128
Tip95	17	4.81973	2.78447	-7.28391
Tip95	18	4.54245	2.75553	-7.88678
Tip95	19	5.88441	3.31241	-8.08918
Tip95	20	3.90139	2.85019	-7.15529
Tip95	21	5.31813	3.12813	-8.33155
Tip95	22	5.41398	2.81731	-7.39842
Tip95	23	3.91384	2.62119	-7.58556
Tip95	24	5.7824	3.21815	-8.33358
Tip95	25	4.38743	2.64934	-7.15256
Tip95	26	4.82939	2.65431	-8.00505
Tip95	27	5.88874	3.06281	-7.81842
Tip95	28	3.86623	2.63991	-7.25125
Tip95	29	5.53675	2.95827	-8.44276
Tip95	30	5.08385	2.45381	-7.17543
Tip95	31	4.11336	2.28456	-7.7563
Tip95	32	5.85669	2.81102	-8.19211
Tip95	33	4.22735	2.46312	-7.08456
Tip95	34	4.9468	2.55254	-8.18896
Tip95	35	5.52668	2.38563	-7.60816
Tip95	36	3.93354	2.33646	-7.46467
Tip95	37	5.51662	2.55329	-8.32092
Tip95	38	4.80794	2.30986	-6.97614
Tip95	39	4.26677	2.03867	-7.88663
Tip95	40	5.56488	2.30265	-7.95031
Tip95	41	4.23609	2.18918	-7.07655
Tip95	42	4.87666	2.26336	-8.13702
Tip95	43	5.17451	1.8405	-7.33731
Tip95	44	4.21643	1.99966	-7.42484
Tip95	45	5.10625	2.16212	-8.0437
Tip95	46	4.70836	1.83503	-7.00594
Tip95	47	4.59971	1.78865	-7.7435
Tip95	48	5.03809	1.7492	-7.52502
Tip95	49	4.66545	1.77537	-7.1713
Tip95	50	4.82772	1.65808	-7.4008
Tip101	1	3.58881	3.25976	-11.3692
Tip101	2	3.05158	3.20843	-11.2319
Tip101	3	3.76436	3.41306	-11.5226
Tip101	4	3.33932	3.09126	-10.9983
Tip101	5	3.40079	3.06254	-11.4321
Tip101	6	4.0543	3.30467	-11.4157
Tip101	7	2.52404	3.05568	-10.6877
Tip101	8	3.7708	3.25185	-11.6708
Tip101	9	3.6924	2.78957	-10.9747
Tip101	10	2.79992	2.76921	-11.2307
Tip101	11	4.14359	3.23918	-11.6976
Tip101	12	2.58543	2.93697	-10.6089
Tip101	13	3.56522	2.96836	-11.6037
Tip101	14	4.25608	3.10934	-11.1681
Tip101	15	2.13966	2.85031	-10.6343
Tip101	16	3.97099	2.93706	-11.9365
Tip101	17	3.18409	2.56369	-10.7754
Tip101	18	2.88688	2.51866	-11.4093
Tip101	19	4.51559	3.02157	-11.5027
Tip101	20	2.1727	2.82471	-10.3065
Tip101	21	3.8279	2.78512	-11.8004
Tip101	22	3.94917	2.51436	-10.9435
Tip101	23	2.16306	2.5947	-10.8182
Tip101	24	4.38973	2.86859	-11.7262
Tip101	25	2.69012	2.55804	-10.4724
Tip101	26	3.28514	2.31394	-11.51
Tip101	27	4.52533	2.76298	-11.2389
Tip101	28	2.11552	2.61741	-10.3988
Tip101	29	4.08288	2.56817	-11.8299
Tip101	30	3.58015	2.1696	-10.638
Tip101	31	2.39813	2.15853	-11.0739
Tip101	32	4.51639	2.41756	-11.5323
Tip101	33	2.51834	2.39198	-10.3149
Tip101	34	3.4574	2.17329	-11.6287
Tip101	35	4.19262	2.02035	-11.0235
Tip101	36	2.18701	2.26572	-10.6432
Tip101	37	4.11368	2.13252	-11.6681
Tip101	38	3.25166	2.08695	-10.3252
Tip101	39	2.62029	1.826	-11.2339
Tip101	40	4.2532	1.88044	-11.2931
Tip101	41	2.58115	2.07021	-10.276
Tip101	42	3.40568	1.86267	-11.5444
Tip101	43	3.78838	1.49766	-10.7026
Tip101	44	2.55234	1.82318	-10.6999
Tip101	45	3.73778	1.71738	-11.4345
Tip101	46	3.17871	1.61346	-10.2833
Tip101	47	3.07396	1.46425	-11.1128
Tip101	48	3.61366	1.37324	-10.8959
Tip101	49	3.10907	1.53452	-10.478
Tip101	50	3.32572	1.34537	-10.7345
Tip79	1	1.12212	3.61506	-10.9337
Tip79	2	0.647227	3.51743	-10.7542
Tip79	3	1.40774	3.79036	-11.0986
Tip79	4	0.866436	3.40697	-10.4999
Tip79	5	0.943732	3.41947	-10.9586
Tip79	6	1.66861	3.71191	-11.0239
Tip79	7	0.21952	3.24766	-10.102
Tip79	8	1.41835	3.63945	-11.2572
Tip79	9	1.13371	3.15748	-10.471
Tip79	10	0.397915	3.00266	-10.6316
Tip79	11	1.80289	3.64192	-11.3155
Tip79	12	0.241081	3.10462	-10.0095
Tip79	13	1.12501	3.32926	-11.1243
Tip79	14	1.83338	3.46701	-10.7912
Tip79	15	-0.0978097	3.03365	-10.0351
Tip79	16	1.60111	3.36074	-11.5074
Tip79	17	0.656419	2.78726	-10.1371
Tip79	18	0.44762	2.76144	-10.7711
Tip79	19	2.15346	3.40966	-11.1456
Tip79	20	-0.12921	2.94162	-9.70851
Tip79	21	1.40731	3.1753	-11.3475
Tip79	22	1.37464	2.82738	-10.3991
Tip79	23	-0.116367	2.72403	-10.1679
Tip79	24	2.0105	3.25917	-11.3553
Tip79	25	0.252661	2.68508	-9.79919
Tip79	26	0.775617	2.56739	-10.8755
Tip79	27	2.11837	3.11663	-10.8765
Tip79	28	-0.182851	2.70593	-9.74222
Tip79	29	1.64688	2.91686	-11.4075
Tip79	30	0.974858	2.37661	-9.95292
Tip79	31	0.0255967	2.23337	-10.3365
Tip79	32	2.10087	2.75009	-11.1432
Tip79	33	0.107771	2.49169	-9.59858
Tip79	34	0.962899	2.42077	-11.0257
Tip79	35	1.68665	2.27614	-10.4495
Tip79	36	-0.138945	2.34432	-9.88985
Tip79	37	1.66045	2.41901	-11.1827
Tip79	38	0.719782	2.19022	-9.59251
Tip79	39	0.217517	1.95354	-10.448
Tip79	40	1.81848	2.15258	-10.7681
Tip79	41	0.165087	2.14667	-9.51324
Tip79	42	0.953099	2.07486	-10.8963
Tip79	43	1.27465	1.70904	-9.96878
Tip79	44	0.159443	1.91327	-9.89972
Tip79	45	1.3047	1.95484	-10.8152
Tip79	46	0.702855	1.7532	-9.52766
Tip79	47	0.656898	1.66584	-10.3449
Tip79	48	1.13761	1.58588	-10.1563
Tip79	49	0.643168	1.69282	-9.70398
Tip79	50	0.88085	1.50904	-9.96415
Tip114	1	1.78254	-0.0280765	-14.3309
Tip114	2	1.39584	-0.138002	-14.0237
Tip114	3	2.0145	0.345329	-14.5311
Tip114	4	1.76711	-0.305465	-13.787
Tip114	5	1.67434	-0.266322	-14.3147
Tip114	6	2.34064	0.327029	-14.4517
Tip114	7	0.943431	-0.732579	-13.1716
Tip114	8	2.01082	0.246977	-14.7064
Tip114	9	2.30614	-0.576635	-13.778
Tip114	10	1.34177	-0.727721	-13.8894
Tip114	11	2.4496	0.430848	-14.7355
Tip114	12	0.975013	-0.914245	-13.06
Tip114	13	1.88095	-0.259315	-14.5597
Tip114	14	2.80387	0.135194	-14.1979
Tip114	15	0.503036	-1.02145	-13.0213
Tip114	16	2.35126	0.0813559	-14.9201
Tip114	17	1.88258	-0.952255	-13.4161
Tip114	18	1.55022	-0.939042	-14.0857
Tip114	19	3.11574	0.282792	-14.5218
Tip114	20	0.51962	-0.978462	-12.5379
Tip114	21	2.22845	-0.23931	-14.7669
Tip114	22	2.89558	-0.745287	-13.8119
Tip114	23	0.530255	-1.25965	-13.2015
Tip114	24	2.98363	0.101933	-14.6863
Tip114	25	1.0276	-1.22651	-12.8301
Tip114	26	2.11205	-1.06804	-14.2471
Tip114	27	3.37182	-0.0378201	-14.1861
Tip114	28	0.452675	-1.20933	-12.6168
Tip114	29	2.7684	-0.367065	-14.7038
Tip114	30	2.75233	-1.17874	-13.3282
Tip114	31	0.962751	-1.54274	-13.5237
Tip114	32	3.5548	-0.380125	-14.4298
Tip114	33	0.888998	-1.31923	-12.5192
Tip114	34	2.37092	-1.10904	-14.3979
Tip114	35	3.57983	-0.866713	-13.7383
Tip114	36	0.56952	-1.49051	-12.9075
Tip114	37	3.26559	-0.800806	-14.4527
Tip114	38	2.2169	-1.3494	-12.7781
Tip114	39	1.45639	-1.76445	-13.7238
Tip114	40	3.69245	-0.918572	-13.9938
Tip114	41	1.07118	-1.51994	-12.486
Tip114	42	2.61738	-1.45579	-14.2423
Tip114	43	3.43025	-1.42238	-13.2489
Tip114	44	1.19683	-1.76245	-13.0541
Tip114	45	3.15286	-1.37631	-14.1565
Tip114	46	2.31827	-1.73116	-12.6705
Tip114	47	2.42959	-1.94337	-13.6835
Tip114	48	3.26142	-1.59893	-13.4755
Tip114	49	2.31622	-1.8274	-12.895
Tip114	50	2.81834	-1.86396	-13.2694
Tip120	1	1.26895	1.25227	-14.55
Tip120	2	0.885074	1.12454	-14.2801
Tip120	3	1.44352	1.60921	-14.6826
Tip120	4	1.16955	1.02174	-14.0891
Tip120	5	1.14902	1.0292	-14.5981
Tip120	6	1.74035	1.58457	-14.5773
Tip120	7	0.603325	0.729824	-13.4474
Tip120	8	1.44284	1.51547	-14.8579
Tip120	9	1.62692	0.777341	-14.0753
Tip120	10	0.809615	0.638808	-14.1378
Tip120	11	1.85153	1.65747	-14.8422
Tip120	12	0.68116	0.583749	-13.33
Tip120	13	1.32462	1.03956	-14.7732
Tip120	14	2.1833	1.41175	-14.333
Tip120	15	0.330195	0.455952	-13.232
Tip120	16	1.75071	1.32609	-15.0856
Tip120	17	1.31745	0.450127	-13.695
Tip120	18	0.965124	0.461223	-14.3042
Tip120	19	2.4886	1.48972	-14.6269
Tip120	20	0.408076	0.434693	-12.7718
Tip120	21	1.65672	1.03123	-14.9598
Tip120	22	2.16265	0.65243	-13.9801
Tip120	23	0.341382	0.256165	-13.4016
Tip120	24	2.32699	1.31448	-14.8412
Tip120	25	0.813279	0.282173	-13.0529
Tip120	26	1.43924	0.323684	-14.4629
Tip120	27	2.71775	1.23068	-14.3068
Tip120	28	0.361945	0.228444	-12.8284
Tip120	29	2.11217	0.885963	-14.9146
Tip120	30	2.06757	0.202874	-13.4694
Tip120	31	0.659286	0.0317607	-13.6916
Tip120	32	2.85297	0.893148	-14.6159
Tip120	33	0.779246	0.127	-12.7002
Tip120	34	1.68737	0.26871	-14.6151
Tip120	35	2.7968	0.447868	-13.8902
Tip120	36	0.437134	0.00910233	-13.1033
Tip120	37	2.58618	0.49363	-14.6712
Tip120	38	1.75957	0.0742302	-12.9442
Tip120	39	0.988639	-0.196157	-13.9056
Tip120	40	2.93762	0.385121	-14.1738
Tip120	41	0.958355	-0.102697	-12.6444
Tip120	42	1.88211	-0.0202333	-14.4293
Tip120	43	2.5918	-0.120919	-13.3851
Tip120	44	0.949196	-0.228477	-13.2357
Tip120	45	2.39086	-0.00286808	-14.3397
Tip120	46	1.86489	-0.274811	-12.7682
Tip120	47	1.77681	-0.474465	-13.7988
Tip120	48	2.44352	-0.269417	-13.6244
Tip120	49	1.82006	-0.38975	-13.0041
Tip120	50	2.12298	-0.443972	-13.3604
Tip132	1	1.9197	2.29396	-13.1486
Tip132	2	1.48703	2.12322	-12.754
Tip132	3	2.09317	2.63043	-13.3961
Tip132	4	1.75604	2.05523	-12.4527
Tip132	5	1.79567	2.06461	-13.1394
Tip132	6	2.40622	2.60559	-13.2447
Tip132	7	1.01351	1.70661	-11.6768
Tip132	8	2.10064	2.53012	-13.5944
Tip132	9	2.1747	1.88794	-12.4029
Tip132	10	1.36189	1.66992	-12.4864
Tip132	11	2.51765	2.6584	-13.5673
Tip132	12	1.07989	1.57355	-11.5131
Tip132	13	1.99669	2.08366	-13.4065
Tip132	14	2.8011	2.45331	-12.8459
Tip132	15	0.680191	1.41153	-11.4581
Tip132	16	2.43352	2.34054	-13.7997
Tip132	17	1.79041	1.54506	-11.8732
Tip132	18	1.5297	1.50436	-12.6851
Tip132	19	3.14893	2.52328	-13.2185
Tip132	20	0.689914	1.40027	-10.9628
Tip132	21	2.34329	2.08244	-13.6325
Tip132	22	2.66904	1.73913	-12.2562
Tip132	23	0.713327	1.19655	-11.6196
Tip132	24	3.02729	2.35927	-13.4616
Tip132	25	1.18454	1.26765	-11.1857
Tip132	26	2.02052	1.42573	-12.8806
Tip132	27	3.3155	2.27643	-12.7647
Tip132	28	0.634112	1.19746	-11.0174
Tip132	29	2.80834	1.94803	-13.5186
Tip132	30	2.46211	1.35374	-11.6194
Tip132	31	1.06163	1.00671	-11.9291
Tip132	32	3.47185	1.92132	-13.0857
Tip132	33	1.04758	1.0893	-10.8706
Tip132	34	2.27706	1.34825	-13.0522
Tip132	35	3.29357	1.51631	-12.1517
Tip132	36	0.753067	0.956633	-11.3062
Tip132	37	3.15972	1.57328	-13.0918
Tip132	38	2.09963	1.15288	-11.0362
Tip132	39	1.44004	0.840248	-12.1349
Tip132	40	3.45052	1.462	-12.5096
Tip132	41	1.23105	0.859067	-10.8028
Tip132	42	2.40157	1.07417	-12.7538
Tip132	43	3.00748	0.964185	-11.4904
Tip132	44	1.30994	0.766759	-11.3974
Tip132	45	2.88554	1.10255	-12.6177
Tip132	46	2.17229	0.768279	-10.8883
Tip132	47	2.18922	0.633501	-11.9655
Tip132	48	2.88049	0.834199	-11.7439
Tip132	49	2.13718	0.693366	-11.1195
Tip132	50	2.48973	0.67356	-11.4976
Tip123	1	0.498215	4.17923	-8.55519
Tip123	2	0.0838897	4.0473	-8.40328
Tip123	3	0.701714	4.34956	-8.79432
Tip123	4	0.271988	3.95743	-8.11353
Tip123	5	0.335177	3.96064	-8.57051
Tip123	6	0.940127	4.26744	-8.65774
Tip123	7	-0.384134	3.77835	-7.83474
Tip123	8	0.686759	4.19099	-8.94022
Tip123	9	0.525127	3.69028	-7.99558
Tip123	10	-0.213873	3.53635	-8.3135
Tip123	11	1.03676	4.18561	-8.96074
Tip123	12	-0.359883	3.63482	-7.7301
Tip123	13	0.473945	3.87698	-8.73987
Tip123	14	1.13524	4.04142	-8.35131
Tip123	15	-0.733454	3.572	-7.81115
Tip123	16	0.886437	3.84974	-9.15289
Tip123	17	0.0598633	3.32093	-7.79577
Tip123	18	-0.15836	3.27069	-8.47337
Tip123	19	1.40077	3.92183	-8.74635
Tip123	20	-0.720114	3.5167	-7.47823
Tip123	21	0.718447	3.69075	-8.95623
Tip123	22	0.786443	3.31283	-7.9307
Tip123	23	-0.761109	3.28405	-7.94344
Tip123	24	1.27154	3.76433	-8.95251
Tip123	25	-0.365193	3.25186	-7.52826
Tip123	26	0.175218	3.06841	-8.5287
Tip123	27	1.39929	3.6373	-8.42709
Tip123	28	-0.788738	3.30427	-7.53447
Tip123	29	0.969352	3.43919	-9.00317
Tip123	30	0.380261	2.85862	-7.62038
Tip123	31	-0.589571	2.77759	-8.18669
Tip123	32	1.4153	3.24702	-8.73617
Tip123	33	-0.497804	3.08646	-7.38087
Tip123	34	0.340001	2.90373	-8.67652
Tip123	35	1.07516	2.73822	-8.07283
Tip123	36	-0.788446	2.91644	-7.75179
Tip123	37	0.996672	2.91266	-8.80474
Tip123	38	0.0991599	2.74656	-7.33622
Tip123	39	-0.356338	2.47541	-8.29029
Tip123	40	1.18056	2.60388	-8.43074
Tip123	41	-0.448647	2.73986	-7.35547
Tip123	42	0.311497	2.53631	-8.59072
Tip123	43	0.687328	2.09976	-7.77487
Tip123	44	-0.458313	2.48016	-7.77359
Tip123	45	0.654731	2.39063	-8.52356
Tip123	46	0.117049	2.27727	-7.36878
Tip123	47	0.0618335	2.12773	-8.14991
Tip123	48	0.554129	1.98485	-7.97974
Tip123	49	0.0434058	2.19457	-7.54792
Tip123	50	0.278132	1.96636	-7.82266
Tip128	1	1.53103	2.75854	-11.8995
Tip128	2	1.06534	2.62752	-11.6593
Tip128	3	1.72519	2.96111	-12.0829
Tip128	4	1.27211	2.46501	-11.413
Tip128	5	1.34526	2.49965	-11.9622
Tip128	6	1.98973	2.86511	-11.9793
Tip128	7	0.452492	2.28352	-10.8541
Tip128	8	1.72444	2.7921	-12.2477
Tip128	9	1.50673	2.13365	-11.4115
Tip128	10	0.72754	1.9627	-11.5446
Tip128	11	2.08111	2.82737	-12.2587
Tip128	12	0.445337	2.12997	-10.7565
Tip128	13	1.48798	2.38543	-12.1504
Tip128	14	2.19476	2.61117	-11.6476
Tip128	15	0.0601506	2.05363	-10.7194
Tip128	16	1.93524	2.443	-12.4927
Tip128	17	0.903435	1.74304	-11.0075
Tip128	18	0.797976	1.69986	-11.7591
Tip128	19	2.4497	2.52388	-11.9725
Tip128	20	0.0372342	1.9447	-10.372
Tip128	21	1.76438	2.20484	-12.3446
Tip128	22	1.69625	1.78779	-11.3591
Tip128	23	0.0603568	1.73028	-10.8895
Tip128	24	2.33336	2.32918	-12.2078
Tip128	25	0.390392	1.6652	-10.5563
Tip128	26	1.11414	1.49759	-11.9191
Tip128	27	2.41943	2.17397	-11.697
Tip128	28	-0.0279722	1.73928	-10.432
Tip128	29	1.99766	1.90981	-12.3617
Tip128	30	1.18662	1.28119	-10.9035
Tip128	31	0.248831	1.24261	-11.1738
Tip128	32	2.38994	1.71925	-11.9739
Tip128	33	0.215714	1.49731	-10.346
Tip128	34	1.30624	1.35338	-12.0695
Tip128	35	1.96045	1.18551	-11.4198
Tip128	36	0.0160466	1.37238	-10.6517
Tip128	37	1.98431	1.34721	-12.1348
Tip128	38	0.818313	1.15706	-10.4789
Tip128	39	0.426558	0.968736	-11.3731
Tip128	40	2.08979	1.03926	-11.7471
Tip128	41	0.261617	1.15583	-10.2966
Tip128	42	1.20819	1.0061	-11.9015
Tip128	43	1.42057	0.616677	-10.9647
Tip128	44	0.254976	0.897307	-10.7478
Tip128	45	1.53397	0.850411	-11.8266
Tip128	46	0.749177	0.676064	-10.3759
Tip128	47	0.795608	0.625192	-11.3085
Tip128	48	1.26851	0.516607	-11.1551
Tip128	49	0.67314	0.605374	-10.577
Tip128	50	0.947534	0.485055	-10.9089
Tip106	1	-0.394781	4.06347	-10.9436
Tip106	2	-0.92562	3.90798	-10.7831
Tip106	3	-0.0872964	4.23161	-11.1476
Tip106	4	-0.689266	3.81644	-10.4936
Tip106	5	-0.577071	3.83634	-11.0432
Tip106	6	0.208603	4.12826	-10.9866
Tip106	7	-1.523	3.61784	-9.86526
Tip106	8	-0.0781004	4.09734	-11.3243
Tip106	9	-0.298231	3.56259	-10.4514
Tip106	10	-1.19224	3.41849	-10.6611
Tip106	11	0.414423	4.11602	-11.3269
Tip106	12	-1.48595	3.47776	-9.73632
Tip106	13	-0.337281	3.76095	-11.2059
Tip106	14	0.435453	3.91437	-10.6451
Tip106	15	-1.7993	3.38291	-9.69082
Tip106	16	0.259472	3.83256	-11.5618
Tip106	17	-0.883436	3.21614	-9.99309
Tip106	18	-1.02284	3.21408	-10.859
Tip106	19	0.8529	3.80815	-11.0183
Tip106	20	-1.73341	3.2978	-9.29101
Tip106	21	0.0512997	3.63888	-11.3806
Tip106	22	0.0546223	3.29588	-10.3649
Tip106	23	-1.7659	3.11221	-9.8424
Tip106	24	0.745344	3.72017	-11.3086
Tip106	25	-1.3482	3.05559	-9.44746
Tip106	26	-0.540815	3.07564	-10.99
Tip106	27	0.820332	3.56728	-10.7359
Tip106	28	-1.79967	3.07746	-9.30993
Tip106	29	0.421567	3.4495	-11.4445
Tip106	30	-0.36808	2.92616	-9.80417
Tip106	31	-1.44441	2.68411	-10.2436
Tip106	32	0.924534	3.29305	-11.051
Tip106	33	-1.43248	2.83984	-9.21874
Tip106	34	-0.282997	2.97057	-11.1687
Tip106	35	0.508413	2.88238	-10.3626
Tip106	36	-1.68547	2.74184	-9.55257
Tip106	37	0.52918	3.04906	-11.1977
Tip106	38	-0.661299	2.73599	-9.31033
Tip106	39	-1.13976	2.44323	-10.4685
Tip106	40	0.698314	2.76531	-10.7026
Tip106	41	-1.26047	2.51542	-9.16397
Tip106	42	-0.248953	2.64321	-10.9996
Tip106	43	0.0545795	2.33894	-9.87532
Tip106	44	-1.27201	2.32882	-9.67928
Tip106	45	0.15577	2.55587	-10.8784
Tip106	46	-0.586867	2.25565	-9.26734
Tip106	47	-0.620949	2.20762	-10.3617
Tip106	48	-0.112031	2.23335	-10.1056
Tip106	49	-0.683459	2.1716	-9.47918
Tip106	50	-0.438382	2.09522	-9.84777
Tip55	1	-0.219359	3.28604	-14.1746
Tip55	2	-0.707087	3.08124	-13.9874
Tip55	3	0.0430756	3.5616	-14.3781
Tip55	4	-0.425573	2.9292	-13.8395
Tip55	5	-0.44506	3.03985	-14.2686
Tip55	6	0.383366	3.45018	-14.294
Tip55	7	-0.999753	2.71909	-13.3356
Tip55	8	0.0265956	3.43366	-14.5592
Tip55	9	0.0355306	2.63715	-13.9171
Tip55	10	-0.88122	2.50782	-13.9912
Tip55	11	0.54994	3.4723	-14.601
Tip55	12	-0.901704	2.57853	-13.2845
Tip55	13	-0.224151	2.99533	-14.4995
Tip55	14	0.685174	3.08302	-14.0676
Tip55	15	-1.19396	2.48878	-13.2208
Tip55	16	0.323263	3.16693	-14.8573
Tip55	17	-0.359543	2.22608	-13.6274
Tip55	18	-0.718627	2.31165	-14.2257
Tip55	19	1.02855	3.08041	-14.3684
Tip55	20	-1.06324	2.42776	-12.8455
Tip55	21	0.137458	2.90768	-14.7417
Tip55	22	0.50056	2.31665	-13.9836
Tip55	23	-1.16605	2.19337	-13.4213
Tip55	24	0.894787	3.04263	-14.6685
Tip55	25	-0.663958	2.16362	-13.1526
Tip55	26	-0.304974	2.22542	-14.516
Tip55	27	1.09912	2.7256	-14.1974
Tip55	28	-1.11594	2.2319	-12.9141
Tip55	29	0.555348	2.75098	-14.8633
Tip55	30	0.284943	1.80001	-13.5827
Tip55	31	-0.900389	1.77824	-13.7836
Tip55	32	1.19687	2.47713	-14.5385
Tip55	33	-0.705979	1.98484	-12.9251
Tip55	34	-0.0526386	2.16358	-14.7241
Tip55	35	1.02357	1.83387	-13.9949
Tip55	36	-1.02378	1.8611	-13.1992
Tip55	37	0.770882	2.21751	-14.7488
Tip55	38	0.0675256	1.68085	-13.1024
Tip55	39	-0.591886	1.52777	-13.995
Tip55	40	1.14344	1.80092	-14.2814
Tip55	41	-0.508809	1.61175	-12.8984
Tip55	42	0.108093	1.74659	-14.5975
Tip55	43	0.814699	1.19348	-13.5313
Tip55	44	-0.560071	1.40217	-13.3704
Tip55	45	0.566402	1.60585	-14.4644
Tip55	46	0.209016	1.2429	-12.9633
Tip55	47	-0.0502972	1.21841	-13.9372
Tip55	48	0.631793	1.09008	-13.7238
Tip55	49	0.119647	1.16132	-13.1608
Tip55	50	0.320244	0.995775	-13.4871
Tip72	1	-0.852861	2.73905	-14.7713
Tip72	2	-1.29708	2.49134	-14.4657
Tip72	3	-0.586264	3.0847	-15.0079
Tip72	4	-1.03153	2.3733	-14.2915
Tip72	5	-1.09222	2.47665	-14.792
Tip72	6	-0.301072	2.99959	-14.8741
Tip72	7	-1.51438	2.1379	-13.6484
Tip72	8	-0.636257	2.95445	-15.1788
Tip72	9	-0.689393	2.1224	-14.3109
Tip72	10	-1.47873	1.95674	-14.3496
Tip72	11	-0.196688	3.0282	-15.1882
Tip72	12	-1.42881	2.00163	-13.5719
Tip72	13	-0.928431	2.45995	-15.0382
Tip72	14	-0.115176	2.67285	-14.5774
Tip72	15	-1.6882	1.91734	-13.4915
Tip72	16	-0.446355	2.6983	-15.4482
Tip72	17	-1.0117	1.70971	-13.9174
Tip72	18	-1.37224	1.77928	-14.5879
Tip72	19	0.134497	2.68075	-14.8916
Tip72	20	-1.55514	1.85326	-13.0894
Tip72	21	-0.630818	2.39497	-15.2926
Tip72	22	-0.351459	1.83123	-14.3516
Tip72	23	-1.6725	1.63657	-13.6558
Tip72	24	0.010567	2.61283	-15.2075
Tip72	25	-1.21389	1.59351	-13.3507
Tip72	26	-1.06349	1.72092	-14.8836
Tip72	27	0.15832	2.3236	-14.7206
Tip72	28	-1.61567	1.66001	-13.1255
Tip72	29	-0.317709	2.26501	-15.3714
Tip72	30	-0.529272	1.30555	-13.794
Tip72	31	-1.47112	1.23148	-13.9736
Tip72	32	0.200683	2.03393	-15.0169
Tip72	33	-1.25791	1.39888	-13.0852
Tip72	34	-0.871649	1.6515	-15.1088
Tip72	35	0.0613096	1.36475	-14.3143
Tip72	36	-1.52717	1.29718	-13.3571
Tip72	37	-0.185312	1.72926	-15.1624
Tip72	38	-0.693251	1.12643	-13.2119
Tip72	39	-1.25717	0.984098	-14.19
Tip72	40	0.150121	1.30817	-14.6471
Tip72	41	-1.13284	1.05935	-12.9919
Tip72	42	-0.716864	1.25559	-14.926
Tip72	43	-0.121392	0.683964	-13.6753
Tip72	44	-1.20704	0.837759	-13.4989
Tip72	45	-0.31139	1.11181	-14.7873
Tip72	46	-0.600024	0.689928	-13.0407
Tip72	47	-0.825865	0.68548	-14.0973
Tip72	48	-0.273778	0.563624	-13.8733
Tip72	49	-0.670013	0.610391	-13.2287
Tip72	50	-0.50971	0.448577	-13.558
Tip110	1	-1.23565	2.53456	-14.9495
Tip110	2	-1.72381	2.24204	-14.7437
Tip110	3	-0.974197	2.88448	-15.1441
Tip110	4	-1.47092	2.09384	-14.5961
Tip110	5	-1.47728	2.25451	-15.0245
Tip110	6	-0.700377	2.76451	-15.0237
Tip110	7	-1.96868	1.85508	-14.0821
Tip110	8	-1.00197	2.77238	-15.321
Tip110	9	-1.11405	1.84607	-14.6509
Tip110	10	-1.90506	1.66286	-14.7087
Tip110	11	-0.565813	2.81408	-15.3183
Tip110	12	-1.8953	1.71428	-14.0222
Tip110	13	-1.29583	2.26513	-15.2341
Tip110	14	-0.511423	2.40354	-14.7896
Tip110	15	-2.15339	1.63501	-13.9449
Tip110	16	-0.783263	2.51985	-15.5655
Tip110	17	-1.48187	1.436	-14.32
Tip110	18	-1.81001	1.50847	-14.917
Tip110	19	-0.219096	2.44994	-15.0884
Tip110	20	-2.02893	1.56134	-13.5641
Tip110	21	-0.980065	2.22936	-15.456
Tip110	22	-0.751318	1.57293	-14.682
Tip110	23	-2.1606	1.37217	-14.1204
Tip110	24	-0.327765	2.39962	-15.3723
Tip110	25	-1.71665	1.3306	-13.8394
Tip110	26	-1.46757	1.47024	-15.1786
Tip110	27	-0.203174	2.06695	-14.9261
Tip110	28	-2.10113	1.37527	-13.6107
Tip110	29	-0.643393	2.09588	-15.5478
Tip110	30	-0.97741	1.08073	-14.2097
Tip110	31	-1.96311	1.0038	-14.4137
Tip110	32	-0.131924	1.83623	-15.2303
Tip110	33	-1.76127	1.13158	-13.5938
Tip110	34	-1.24744	1.43683	-15.3837
Tip110	35	-0.316458	1.17533	-14.6501
Tip110	36	-2.04614	1.05162	-13.8575
Tip110	37	-0.523947	1.55371	-15.4164
Tip110	38	-1.13955	0.905677	-13.7151
Tip110	39	-1.75054	0.779286	-14.5993
Tip110	40	-0.198503	1.15399	-14.9334
Tip110	41	-1.62029	0.805223	-13.523
Tip110	42	-1.14796	1.04014	-15.2295
Tip110	43	-0.527232	0.528692	-14.0828
Tip110	44	-1.70756	0.643725	-13.9936
Tip110	45	-0.724513	0.926882	-15.1075
Tip110	46	-1.02255	0.516098	-13.5399
Tip110	47	-1.31503	0.517938	-14.507
Tip110	48	-0.710746	0.420801	-14.2867
Tip110	49	-1.11775	0.440457	-13.735
Tip110	50	-0.973255	0.312341	-14.0317
Tip60	1	0.419131	4.44297	-13.9964
Tip60	2	-0.0592667	4.20128	-13.7676
Tip60	3	0.602119	4.65849	-14.2447
Tip60	4	0.314544	4.11622	-13.5713
Tip60	5	0.209509	4.23495	-14.063
Tip60	6	0.959216	4.53889	-14.118
Tip60	7	-0.360235	3.77497	-12.9422
Tip60	8	0.579015	4.53383	-14.3997
Tip60	9	0.741692	3.92391	-13.595
Tip60	10	-0.262316	3.68196	-13.7065
Tip60	11	1.06217	4.53683	-14.4421
Tip60	12	-0.257638	3.63217	-12.8761
Tip60	13	0.3964	4.185	-14.2815
Tip60	14	1.2726	4.23692	-13.8022
Tip60	15	-0.589235	3.49266	-12.836
Tip60	16	0.834392	4.25961	-14.6439
Tip60	17	0.341021	3.49982	-13.2423
Tip60	18	-0.111089	3.53751	-13.9651
Tip60	19	1.54344	4.21597	-14.1559
Tip60	20	-0.452267	3.36383	-12.4644
Tip60	21	0.690347	4.06274	-14.5168
Tip60	22	1.14355	3.6427	-13.6051
Tip60	23	-0.575297	3.21883	-13.0229
Tip60	24	1.38444	4.16017	-14.4492
Tip60	25	0.00258084	3.22565	-12.7413
Tip60	26	0.316042	3.50229	-14.1866
Tip60	27	1.65891	3.92691	-13.8979
Tip60	28	-0.509529	3.13951	-12.5183
Tip60	29	1.09573	3.86477	-14.5945
Tip60	30	0.933736	3.19101	-13.1294
Tip60	31	-0.304901	2.97457	-13.3912
Tip60	32	1.71988	3.66525	-14.2273
Tip60	33	-0.0426529	2.95911	-12.5049
Tip60	34	0.531243	3.40432	-14.3984
Tip60	35	1.64176	3.23732	-13.6145
Tip60	36	-0.408083	2.85407	-12.7587
Tip60	37	1.32086	3.43024	-14.4085
Tip60	38	0.71764	2.94726	-12.6043
Tip60	39	-0.0229517	2.80808	-13.6
Tip60	40	1.75065	3.11352	-13.9354
Tip60	41	0.117282	2.66753	-12.4265
Tip60	42	0.68719	3.06942	-14.254
Tip60	43	1.39243	2.66626	-13.0994
Tip60	44	0.0658211	2.58416	-12.8844
Tip60	45	1.14308	2.92131	-14.1378
Tip60	46	0.783764	2.51579	-12.4526
Tip60	47	0.547124	2.59642	-13.4927
Tip60	48	1.20359	2.57343	-13.3285
Tip60	49	0.688553	2.48437	-12.6568
Tip60	50	0.89806	2.43411	-13.0272
Tip53	1	0.701779	2.57941	-12.3133
Tip53	2	0.276669	2.45887	-12.1262
Tip53	3	0.902655	2.80062	-12.557
Tip53	4	0.577495	2.32692	-11.9211
Tip53	5	0.521394	2.38716	-12.3978
Tip53	6	1.22399	2.69607	-12.4447
Tip53	7	-0.0353603	2.26943	-11.4272
Tip53	8	0.880343	2.67453	-12.7267
Tip53	9	0.969453	2.10395	-11.9391
Tip53	10	0.0878616	2.0075	-12.076
Tip53	11	1.31528	2.72194	-12.7863
Tip53	12	0.0833746	2.13453	-11.3538
Tip53	13	0.692143	2.33205	-12.6026
Tip53	14	1.49298	2.43281	-12.1813
Tip53	15	-0.261576	2.07325	-11.3378
Tip53	16	1.11442	2.4167	-13.0116
Tip53	17	0.619286	1.81799	-11.6197
Tip53	18	0.243456	1.83202	-12.3043
Tip53	19	1.74954	2.40494	-12.5486
Tip53	20	-0.121784	2.0042	-10.9829
Tip53	21	0.971843	2.20938	-12.8673
Tip53	22	1.35466	1.8163	-11.9802
Tip53	23	-0.22719	1.79856	-11.487
Tip53	24	1.6109	2.33019	-12.8434
Tip53	25	0.3352	1.72703	-11.1731
Tip53	26	0.609372	1.71134	-12.5718
Tip53	27	1.85476	2.10231	-12.3367
Tip53	28	-0.176679	1.79407	-11.0341
Tip53	29	1.31789	2.04589	-13.01
Tip53	30	1.19321	1.47373	-11.5865
Tip53	31	0.0633086	1.41269	-11.7939
Tip53	32	1.90114	1.85464	-12.6677
Tip53	33	0.283489	1.52336	-10.9821
Tip53	34	0.822191	1.63296	-12.8152
Tip53	35	1.83757	1.43344	-12.0582
Tip53	36	-0.0364292	1.44642	-11.2642
Tip53	37	1.51566	1.62316	-12.8584
Tip53	38	1.01303	1.32878	-11.1396
Tip53	39	0.327567	1.17187	-12.0264
Tip53	40	1.90962	1.3618	-12.4168
Tip53	41	0.45369	1.20362	-10.9669
Tip53	42	0.941127	1.31785	-12.6963
Tip53	43	1.64801	0.921887	-11.6724
Tip53	44	0.404775	1.03561	-11.4201
Tip53	45	1.36636	1.17413	-12.6018
Tip53	46	1.10407	0.923871	-11.0795
Tip53	47	0.830322	0.917398	-12.0528
Tip53	48	1.44564	0.837966	-11.8888
Tip53	49	1.02135	0.855283	-11.2708
Tip53	50	1.19346	0.744058	-11.6254
Tip81	1	0.237249	3.26958	-12.6623
Tip81	2	-0.258221	3.04579	-12.3777
Tip81	3	0.543116	3.50981	-12.9779
Tip81	4	-0.000105269	2.92836	-12.1527
Tip81	5	0.0400253	3.06143	-12.7522
Tip81	6	0.828301	3.40499	-12.8887
Tip81	7	-0.614375	2.70056	-11.5124
Tip81	8	0.518661	3.37188	-13.1805
Tip81	9	0.37183	2.69843	-12.1997
Tip81	10	-0.503173	2.51785	-12.3043
Tip81	11	0.936602	3.40007	-13.2341
Tip81	12	-0.529592	2.53397	-11.4345
Tip81	13	0.243506	3.03046	-13.0428
Tip81	14	0.993414	3.11365	-12.584
Tip81	15	-0.856942	2.4558	-11.4117
Tip81	16	0.665253	3.05928	-13.4676
Tip81	17	-0.0759836	2.28298	-11.8056
Tip81	18	-0.327596	2.34669	-12.6125
Tip81	19	1.27232	3.07321	-12.9739
Tip81	20	-0.708322	2.37056	-11.0331
Tip81	21	0.498242	2.84727	-13.3264
Tip81	22	0.69807	2.38724	-12.3103
Tip81	23	-0.845624	2.1722	-11.5759
Tip81	24	1.13319	2.98508	-13.2814
Tip81	25	-0.343996	2.09396	-11.2547
Tip81	26	0.0417763	2.27258	-12.9647
Tip81	27	1.29317	2.74422	-12.737
Tip81	28	-0.787252	2.13875	-11.0864
Tip81	29	0.774232	2.66507	-13.4671
Tip81	30	0.415462	1.91023	-11.8361
Tip81	31	-0.604826	1.80524	-11.9493
Tip81	32	1.3012	2.45864	-13.0818
Tip81	33	-0.420411	1.87107	-11.0581
Tip81	34	0.253939	2.17837	-13.2254
Tip81	35	1.13577	1.93114	-12.4075
Tip81	36	-0.71818	1.81272	-11.3564
Tip81	37	0.878426	2.21346	-13.2778
Tip81	38	0.219591	1.6757	-11.311
Tip81	39	-0.376865	1.59795	-12.2535
Tip81	40	1.20746	1.89465	-12.7658
Tip81	41	-0.294188	1.53561	-11.059
Tip81	42	0.283339	1.79374	-13.035
Tip81	43	0.868301	1.28585	-11.9497
Tip81	44	-0.367899	1.38873	-11.5619
Tip81	45	0.647541	1.67068	-12.9448
Tip81	46	0.283768	1.25616	-11.2633
Tip81	47	0.0565888	1.30671	-12.3381
Tip81	48	0.643167	1.20125	-12.1539
Tip81	49	0.20313	1.17993	-11.4579
Tip81	50	0.369555	1.08931	-11.846
Tip57	1	-0.755614	1.19515	-13.3579
Tip57	2	-1.26071	1.03905	-13.019
Tip57	3	-0.397026	1.48673	-13.6726
Tip57	4	-1.0452	0.865312	-12.8215
Tip57	5	-0.94588	0.973711	-13.4448
Tip57	6	-0.13111	1.36762	-13.5999
Tip57	7	-1.64275	0.71961	-11.9338
Tip57	8	-0.401676	1.34767	-13.8787
Tip57	9	-0.709962	0.55883	-12.9397
Tip57	10	-1.50454	0.50894	-12.9033
Tip57	11	0.0454621	1.43627	-13.9694
Tip57	12	-1.55283	0.536883	-11.8393
Tip57	13	-0.710627	0.931368	-13.7748
Tip57	14	0.0323196	1.0427	-13.3138
Tip57	15	-1.83969	0.483443	-11.7924
Tip57	16	-0.211474	1.07104	-14.2271
Tip57	17	-1.1189	0.20575	-12.3748
Tip57	18	-1.34473	0.314769	-13.259
Tip57	19	0.367049	1.07938	-13.7832
Tip57	20	-1.66983	0.398826	-11.4199
Tip57	21	-0.426419	0.806202	-14.0798
Tip57	22	-0.354273	0.2353	-13.04
Tip57	23	-1.80205	0.204446	-11.9903
Tip57	24	0.254178	1.00522	-14.0954
Tip57	25	-1.3276	0.0505902	-11.6924
Tip57	26	-0.940496	0.195263	-13.6802
Tip57	27	0.353659	0.717067	-13.5648
Tip57	28	-1.74445	0.167567	-11.4751
Tip57	29	-0.087681	0.67362	-14.2494
Tip57	30	-0.613828	-0.19145	-12.4471
Tip57	31	-1.61127	-0.213444	-12.4643
Tip57	32	0.394972	0.481773	-13.9132
Tip57	33	-1.36183	-0.139004	-11.4851
Tip57	34	-0.678499	0.130389	-13.9405
Tip57	35	0.169969	-0.134835	-13.1145
Tip57	36	-1.66686	-0.193713	-11.7867
Tip57	37	-0.0105888	0.204265	-14.0487
Tip57	38	-0.725977	-0.350787	-11.8323
Tip57	39	-1.35541	-0.458705	-12.8209
Tip57	40	0.273197	-0.113669	-13.5081
Tip57	41	-1.20366	-0.443451	-11.5004
Tip57	42	-0.675932	-0.259255	-13.7641
Tip57	43	-0.137688	-0.701324	-12.5879
Tip57	44	-1.32096	-0.621034	-12.0497
Tip57	45	-0.294846	-0.364311	-13.6572
Tip57	46	-0.625003	-0.723036	-11.7858
Tip57	47	-0.937535	-0.732073	-12.9516
Tip57	48	-0.36219	-0.797281	-12.8082
Tip57	49	-0.740987	-0.804056	-11.9988
Tip57	50	-0.607665	-0.896977	-12.4598
Tip59	1	0.58535	2.12036	-13.6374
Tip59	2	-0.0099081	1.93425	-13.2645
Tip59	3	0.960853	2.42302	-13.9754
Tip59	4	0.214092	1.79113	-13.085
Tip59	5	0.405389	1.91428	-13.7076
Tip59	6	1.21155	2.3203	-13.8917
Tip59	7	-0.507632	1.45065	-12.0919
Tip59	8	0.970454	2.29234	-14.1719
Tip59	9	0.60861	1.56108	-13.2127
Tip59	10	-0.262041	1.39697	-13.1157
Tip59	11	1.37368	2.39405	-14.2378
Tip59	12	-0.411136	1.28796	-11.9827
Tip59	13	0.686604	1.90935	-14.0178
Tip59	14	1.37485	2.05257	-13.5999
Tip59	15	-0.728941	1.22946	-11.9245
Tip59	16	1.14163	2.04871	-14.4796
Tip59	17	0.156573	1.12149	-12.5495
Tip59	18	-0.0494074	1.28522	-13.4839
Tip59	19	1.64833	2.06107	-14.0151
Tip59	20	-0.537163	1.14531	-11.5439
Tip59	21	0.9714	1.78821	-14.3132
Tip59	22	0.984785	1.30616	-13.293
Tip59	23	-0.65667	0.975094	-12.0912
Tip59	24	1.54989	1.98646	-14.3269
Tip59	25	-0.1537	0.887502	-11.7922
Tip59	26	0.386558	1.23419	-13.8748
Tip59	27	1.67115	1.73156	-13.765
Tip59	28	-0.609171	0.947563	-11.5834
Tip59	29	1.24709	1.66056	-14.4693
Tip59	30	0.668899	0.850395	-12.6129
Tip59	31	-0.400375	0.662748	-12.5516
Tip59	32	1.67391	1.48799	-14.1171
Tip59	33	-0.191603	0.697029	-11.5648
Tip59	34	0.652879	1.17281	-14.0913
Tip59	35	1.45641	0.963479	-13.2917
Tip59	36	-0.500267	0.622633	-11.8489
Tip59	37	1.30937	1.23783	-14.231
Tip59	38	0.491961	0.564404	-11.9264
Tip59	39	-0.107811	0.502569	-12.9541
Tip59	40	1.55931	0.968358	-13.6623
Tip59	41	-0.0255423	0.430753	-11.5708
Tip59	42	0.623753	0.81991	-13.9094
Tip59	43	1.11216	0.348392	-12.7083
Tip59	44	-0.116749	0.26534	-12.0675
Tip59	45	0.987771	0.726265	-13.8158
Tip59	46	0.586338	0.224079	-11.8207
Tip59	47	0.30997	0.264451	-13.0555
Tip59	48	0.895215	0.227588	-12.9018
Tip59	49	0.497232	0.158083	-12.0299
Tip59	50	0.633027	0.0962633	-12.5064
Tip67	1	3.35236	5.47878	-12.4223
Tip67	2	2.89662	5.38212	-12.0133
Tip67	3	3.56094	5.56552	-12.798
Tip67	4	3.20622	5.30741	-11.8051
Tip67	5	3.21667	5.3049	-12.4909
Tip67	6	3.83495	5.45381	-12.7
Tip67	7	2.58404	4.93619	-10.8524
Tip67	8	3.57297	5.4027	-13.0032
Tip67	9	3.65174	5.07901	-11.9639
Tip67	10	2.81139	4.93346	-11.872
Tip67	11	3.93819	5.38258	-13.0864
Tip67	12	2.71955	4.78228	-10.7323
Tip67	13	3.41802	5.18407	-12.8591
Tip67	14	4.14756	5.23404	-12.4118
Tip67	15	2.35489	4.6728	-10.6978
Tip67	16	3.74318	5.10067	-13.3569
Tip67	17	3.4012	4.73506	-11.2385
Tip67	18	2.98823	4.78402	-12.2076
Tip67	19	4.3292	5.08935	-12.8897
Tip67	20	2.5674	4.52406	-10.3246
Tip67	21	3.65547	4.96487	-13.182
Tip67	22	4.05534	4.78751	-12.1019
Tip67	23	2.49835	4.47533	-10.8198
Tip67	24	4.16189	5.01005	-13.2246
Tip67	25	3.06199	4.35179	-10.5093
Tip67	26	3.33492	4.63092	-12.7163
Tip67	27	4.47104	4.85799	-12.6277
Tip67	28	2.50256	4.33513	-10.3593
Tip67	29	3.90514	4.78702	-13.3703
Tip67	30	3.90099	4.43267	-11.3526
Tip67	31	2.84286	4.18728	-11.2738
Tip67	32	4.43726	4.63052	-13.0308
Tip67	33	2.97677	4.1066	-10.3078
Tip67	34	3.54048	4.49424	-12.9912
Tip67	35	4.49449	4.35044	-12.1503
Tip67	36	2.68494	4.05862	-10.5833
Tip67	37	4.1037	4.4877	-13.1287
Tip67	38	3.74075	4.05578	-10.6399
Tip67	39	3.14827	4.03147	-11.7057
Tip67	40	4.48515	4.27363	-12.5627
Tip67	41	3.14208	3.7975	-10.3227
Tip67	42	3.62574	4.21791	-12.8066
Tip67	43	4.27095	3.79623	-11.5801
Tip67	44	3.12914	3.69035	-10.8081
Tip67	45	3.99798	4.13817	-12.7147
Tip67	46	3.80932	3.62918	-10.5852
Tip67	47	3.53558	3.7767	-11.8726
Tip67	48	4.07484	3.68882	-11.7591
Tip67	49	3.74868	3.60795	-10.79
Tip67	50	3.87815	3.56478	-11.2997
Tip83	1	1.34922	6.288	-13.0632
Tip83	2	0.912802	6.24675	-12.6909
Tip83	3	1.58386	6.30294	-13.4321
Tip83	4	1.17808	6.21192	-12.4773
Tip83	5	1.20564	6.09555	-13.1638
Tip83	6	1.90528	6.27784	-13.3397
Tip83	7	0.732579	5.90018	-11.5459
Tip83	8	1.63515	6.13954	-13.6243
Tip83	9	1.6208	6.00229	-12.5928
Tip83	10	0.775263	5.79001	-12.5783
Tip83	11	2.07907	6.20869	-13.6961
Tip83	12	0.892844	5.75604	-11.4246
Tip83	13	1.42853	5.94051	-13.4897
Tip83	14	2.21937	6.16485	-13.0358
Tip83	15	0.557725	5.5996	-11.4183
Tip83	16	1.92792	5.88758	-13.9575
Tip83	17	1.39709	5.70011	-11.9283
Tip83	18	0.946709	5.62417	-12.9023
Tip83	19	2.52513	6.03673	-13.5106
Tip83	20	0.84554	5.46965	-11.0184
Tip83	21	1.80516	5.75556	-13.807
Tip83	22	2.07625	5.76409	-12.7273
Tip83	23	0.696868	5.39435	-11.5702
Tip83	24	2.38517	5.90705	-13.8146
Tip83	25	1.277	5.35379	-11.2356
Tip83	26	1.38602	5.47093	-13.3666
Tip83	27	2.68726	5.84738	-13.2843
Tip83	28	0.782626	5.28456	-11.081
Tip83	29	2.16593	5.63033	-13.9574
Tip83	30	1.97228	5.39716	-12.0329
Tip83	31	0.954382	5.12611	-12.078
Tip83	32	2.69827	5.56781	-13.6531
Tip83	33	1.24801	5.07694	-11.0715
Tip83	34	1.69704	5.34357	-13.6133
Tip83	35	2.65433	5.32447	-12.8357
Tip83	36	0.924573	5.02716	-11.3539
Tip83	37	2.34782	5.37434	-13.745
Tip83	38	1.98581	5.02322	-11.41
Tip83	39	1.21765	4.94953	-12.5463
Tip83	40	2.72677	5.19234	-13.2285
Tip83	41	1.45583	4.75044	-11.0964
Tip83	42	1.79082	5.0761	-13.4811
Tip83	43	2.49726	4.78208	-12.356
Tip83	44	1.37131	4.63096	-11.6027
Tip83	45	2.19208	5.00424	-13.3877
Tip83	46	2.14253	4.56907	-11.3987
Tip83	47	1.69106	4.67759	-12.6721
Tip83	48	2.29496	4.63875	-12.5639
Tip83	49	2.06573	4.5431	-11.6155
Tip83	50	2.12851	4.50546	-12.1442
Tip103	1	3.59433	6.0459	-13.8973
Tip103	2	3.13028	6.01384	-13.4749
Tip103	3	3.82543	6.07721	-14.2363
Tip103	4	3.48657	5.95061	-13.2909
Tip103	5	3.45493	5.86746	-13.9796
Tip103	6	4.18394	6.0124	-14.1561
Tip103	7	3.07227	5.59218	-12.2466
Tip103	8	3.85487	5.92914	-14.4008
Tip103	9	3.98119	5.71032	-13.4718
Tip103	10	3.07393	5.56605	-13.3526
Tip103	11	4.30579	5.94259	-14.4618
Tip103	12	3.27072	5.45409	-12.132
Tip103	13	3.67719	5.73149	-14.2739
Tip103	14	4.55425	5.83436	-13.9077
Tip103	15	2.9022	5.32017	-12.0936
Tip103	16	4.10684	5.65063	-14.6824
Tip103	17	3.85084	5.37926	-12.783
Tip103	18	3.25128	5.39629	-13.6955
Tip103	19	4.81288	5.68192	-14.3006
Tip103	20	3.19153	5.16668	-11.7064
Tip103	21	4.02782	5.52182	-14.539
Tip103	22	4.50702	5.39521	-13.6147
Tip103	23	3.07828	5.13652	-12.2651
Tip103	24	4.63632	5.5885	-14.5715
Tip103	25	3.73243	5.03864	-11.9797
Tip103	26	3.69009	5.21715	-14.1681
Tip103	27	5.00745	5.42889	-14.097
Tip103	28	3.1429	4.9896	-11.7697
Tip103	29	4.38364	5.33353	-14.674
Tip103	30	4.47762	4.99358	-12.9649
Tip103	31	3.39328	4.85786	-12.836
Tip103	32	5.00184	5.17381	-14.4004
Tip103	33	3.66516	4.75476	-11.7951
Tip103	34	3.9765	5.08592	-14.361
Tip103	35	5.064	4.85557	-13.6951
Tip103	36	3.33917	4.73981	-12.0724
Tip103	37	4.63195	5.04475	-14.4817
Tip103	38	4.44388	4.592	-12.3073
Tip103	39	3.61322	4.67489	-13.3169
Tip103	40	5.06791	4.74806	-14.0327
Tip103	41	3.86195	4.39942	-11.8809
Tip103	42	4.10459	4.81054	-14.2408
Tip103	43	4.9456	4.32859	-13.2613
Tip103	44	3.83645	4.31108	-12.4175
Tip103	45	4.5431	4.67294	-14.1796
Tip103	46	4.58324	4.14693	-12.2965
Tip103	47	4.09112	4.35562	-13.4944
Tip103	48	4.72456	4.226	-13.4357
Tip103	49	4.5293	4.11747	-12.5342
Tip103	50	4.59763	4.06533	-13.0617
Tip63	1	2.97876	4.35816	-12.6331
Tip63	2	2.57385	4.2195	-12.1836
Tip63	3	3.16809	4.48492	-12.9955
Tip63	4	2.89283	4.12149	-11.9728
Tip63	5	2.83717	4.18745	-12.7138
Tip63	6	3.42858	4.36128	-12.908
Tip63	7	2.30518	3.72487	-10.8674
Tip63	8	3.16092	4.33803	-13.1986
Tip63	9	3.26429	3.87121	-12.1448
Tip63	10	2.44986	3.76127	-12.0111
Tip63	11	3.49489	4.32383	-13.2835
Tip63	12	2.45965	3.56487	-10.7347
Tip63	13	2.99891	4.09134	-13.0643
Tip63	14	3.70183	4.10772	-12.6386
Tip63	15	2.09981	3.48619	-10.7045
Tip63	16	3.29844	4.03478	-13.5546
Tip63	17	3.0957	3.48772	-11.2802
Tip63	18	2.60342	3.62121	-12.4017
Tip63	19	3.85232	4.011	-13.0944
Tip63	20	2.32031	3.36081	-10.3197
Tip63	21	3.20492	3.87523	-13.3905
Tip63	22	3.61407	3.57204	-12.3027
Tip63	23	2.23831	3.28419	-10.8268
Tip63	24	3.69684	3.92516	-13.4213
Tip63	25	2.82679	3.17198	-10.4836
Tip63	26	2.91047	3.49617	-12.9022
Tip63	27	4.01324	3.72857	-12.8634
Tip63	28	2.26925	3.17874	-10.3501
Tip63	29	3.44827	3.68516	-13.566
Tip63	30	3.59048	3.15011	-11.4584
Tip63	31	2.54035	3.01047	-11.3036
Tip63	32	3.97629	3.48056	-13.2389
Tip63	33	2.74152	2.9199	-10.2826
Tip63	34	3.1021	3.37502	-13.1678
Tip63	35	4.06539	3.09944	-12.3572
Tip63	36	2.45425	2.894	-10.5591
Tip63	37	3.64271	3.30169	-13.3096
Tip63	38	3.47506	2.82602	-10.6972
Tip63	39	2.77597	2.84317	-11.802
Tip63	40	4.06188	3.04053	-12.7676
Tip63	41	2.90495	2.61532	-10.3063
Tip63	42	3.19927	3.0525	-13.0005
Tip63	43	3.90704	2.54566	-11.7095
Tip63	44	2.85341	2.49426	-10.8131
Tip63	45	3.5614	2.918	-12.9206
Tip63	46	3.52943	2.42091	-10.6486
Tip63	47	3.13856	2.54787	-11.9928
Tip63	48	3.69588	2.44598	-11.9035
Tip63	49	3.45676	2.38951	-10.8417
Tip63	50	3.52766	2.33063	-11.3925
Tip136	1	1.25542	3.81016	-13.4854
Tip136	2	0.715236	3.69507	-13.089
Tip136	3	1.52515	3.97986	-13.8207
Tip136	4	0.972118	3.57942	-12.8756
Tip136	5	1.09811	3.63177	-13.5626
Tip136	6	1.78902	3.87166	-13.7176
Tip136	7	0.220192	3.34881	-11.8384
Tip136	8	1.52866	3.8448	-14.0057
Tip136	9	1.39031	3.34444	-13.0034
Tip136	10	0.514288	3.22847	-12.9202
Tip136	11	1.90661	3.86086	-14.051
Tip136	12	0.328078	3.20351	-11.7255
Tip136	13	1.30011	3.56993	-13.8795
Tip136	14	2.01243	3.6334	-13.4008
Tip136	15	0.00438962	3.12873	-11.6787
Tip136	16	1.6752	3.55691	-14.2984
Tip136	17	0.967176	3.0125	-12.2984
Tip136	18	0.729508	3.07628	-13.2902
Tip136	19	2.24212	3.54268	-13.8095
Tip136	20	0.20726	2.9993	-11.3059
Tip136	21	1.54355	3.38496	-14.1389
Tip136	22	1.76129	3.07394	-13.0974
Tip136	23	0.097036	2.89973	-11.8361
Tip136	24	2.10216	3.45125	-14.1222
Tip136	25	0.60222	2.78967	-11.5317
Tip136	26	1.11946	2.96401	-13.7296
Tip136	27	2.3172	3.28328	-13.5553
Tip136	28	0.142583	2.80348	-11.3467
Tip136	29	1.81087	3.20733	-14.2768
Tip136	30	1.49551	2.70334	-12.3743
Tip136	31	0.40618	2.57431	-12.3117
Tip136	32	2.30076	3.03358	-13.9063
Tip136	33	0.558972	2.55899	-11.3131
Tip136	34	1.34704	2.86046	-13.9422
Tip136	35	2.21193	2.65062	-13.0862
Tip136	36	0.265221	2.50649	-11.6091
Tip136	37	1.93959	2.83509	-14.0326
Tip136	38	1.2992	2.407	-11.6796
Tip136	39	0.729722	2.37654	-12.7162
Tip136	40	2.27826	2.61471	-13.4557
Tip136	41	0.732026	2.25113	-11.3404
Tip136	42	1.3816	2.54153	-13.7608
Tip136	43	1.90968	2.12419	-12.5083
Tip136	44	0.67904	2.11515	-11.8351
Tip136	45	1.74621	2.44153	-13.648
Tip136	46	1.40098	1.99804	-11.5912
Tip136	47	1.14049	2.11522	-12.8325
Tip136	48	1.70511	2.02321	-12.6849
Tip136	49	1.32462	1.96609	-11.7979
Tip136	50	1.45569	1.91306	-12.2899
Tip70	1	0.288229	1.696	-13.8893
Tip70	2	-0.268955	1.57973	-13.5731
Tip70	3	0.652825	1.92621	-14.1847
Tip70	4	-0.0183173	1.40489	-13.3982
Tip70	5	0.102037	1.49504	-13.9983
Tip70	6	0.938487	1.78025	-14.1069
Tip70	7	-0.748586	1.24111	-12.3876
Tip70	8	0.669419	1.77951	-14.3934
Tip70	9	0.375066	1.07417	-13.514
Tip70	10	-0.476438	1.0229	-13.467
Tip70	11	1.10725	1.83883	-14.4712
Tip70	12	-0.653787	1.07188	-12.2918
Tip70	13	0.378242	1.40746	-14.2877
Tip70	14	1.13639	1.47182	-13.849
Tip70	15	-0.985427	1.02834	-12.2285
Tip70	16	0.878578	1.49352	-14.7124
Tip70	17	-0.0610622	0.700936	-12.8731
Tip70	18	-0.287063	0.82642	-13.8272
Tip70	19	1.46179	1.47165	-14.2919
Tip70	20	-0.817479	0.938675	-11.8155
Tip70	21	0.70114	1.25243	-14.5682
Tip70	22	0.726897	0.712436	-13.5824
Tip70	23	-0.889005	0.749221	-12.4176
Tip70	24	1.34656	1.40669	-14.5972
Tip70	25	-0.388195	0.599319	-12.0726
Tip70	26	0.134428	0.696831	-14.1946
Tip70	27	1.46344	1.12198	-14.0514
Tip70	28	-0.880479	0.717091	-11.8612
Tip70	29	1.0163	1.09683	-14.7299
Tip70	30	0.450071	0.248865	-12.9406
Tip70	31	-0.640322	0.319416	-12.9146
Tip70	32	1.47934	0.890524	-14.411
Tip70	33	-0.447368	0.400596	-11.8255
Tip70	34	0.402682	0.594867	-14.3988
Tip70	35	1.23794	0.305651	-13.5827
Tip70	36	-0.729723	0.344616	-12.1695
Tip70	37	1.07103	0.644908	-14.5202
Tip70	38	0.286467	0.105695	-12.2205
Tip70	39	-0.340464	0.0040813	-13.3016
Tip70	40	1.33968	0.316561	-13.9668
Tip70	41	-0.276604	0.0903235	-11.8244
Tip70	42	0.37368	0.201122	-14.2295
Tip70	43	0.878811	-0.320717	-13.0219
Tip70	44	-0.346558	-0.134178	-12.4199
Tip70	45	0.738628	0.0927616	-14.1319
Tip70	46	0.39217	-0.276402	-12.1305
Tip70	47	0.0823071	-0.323398	-13.3924
Tip70	48	0.651579	-0.43568	-13.2351
Tip70	49	0.301368	-0.382332	-12.3536
Tip70	50	0.41699	-0.525122	-12.8548
Tip58	1	-0.181641	1.47185	-12.6009
Tip58	2	-0.748397	1.30456	-12.2757
Tip58	3	0.198996	1.76942	-12.8999
Tip58	4	-0.518624	1.14422	-12.0832
Tip58	5	-0.372554	1.26121	-12.6914
Tip58	6	0.470183	1.65237	-12.8258
Tip58	7	-1.15587	0.930204	-11.1961
Tip58	8	0.209716	1.62719	-13.0895
Tip58	9	-0.125135	0.861515	-12.1816
Tip58	10	-0.978289	0.778244	-12.1687
Tip58	11	0.645534	1.73058	-13.1884
Tip58	12	-1.05677	0.736966	-11.1083
Tip58	13	-0.106444	1.21869	-12.9773
Tip58	14	0.651172	1.34391	-12.5598
Tip58	15	-1.35293	0.675242	-11.088
Tip58	16	0.407062	1.36298	-13.4071
Tip58	17	-0.551871	0.426083	-11.6009
Tip58	18	-0.775504	0.619046	-12.5317
Tip58	19	0.963845	1.37626	-13.0069
Tip58	20	-1.14956	0.582959	-10.7357
Tip58	21	0.198469	1.10207	-13.251
Tip58	22	0.260819	0.551637	-12.2549
Tip58	23	-1.29048	0.39757	-11.2592
Tip58	24	0.853667	1.31818	-13.2935
Tip58	25	-0.774244	0.242157	-10.9595
Tip58	26	-0.328553	0.520041	-12.9155
Tip58	27	0.960936	1.04524	-12.7629
Tip58	28	-1.21386	0.34374	-10.7927
Tip58	29	0.526443	0.981183	-13.4218
Tip58	30	-0.00920001	0.0296159	-11.6805
Tip58	31	-1.07432	-0.00126341	-11.7301
Tip58	32	0.997093	0.813128	-13.1058
Tip58	33	-0.785934	0.036149	-10.7843
Tip58	34	-0.0487309	0.463015	-13.1463
Tip58	35	0.792507	0.178691	-12.2921
Tip58	36	-1.10722	-0.0122746	-11.0687
Tip58	37	0.621682	0.544115	-13.2286
Tip58	38	-0.120695	-0.205186	-11.0976
Tip58	39	-0.799745	-0.2364	-12.0946
Tip58	40	0.897229	0.213256	-12.6897
Tip58	41	-0.613658	-0.279837	-10.8017
Tip58	42	-0.0562644	0.0780563	-12.987
Tip58	43	0.478158	-0.50612	-11.8014
Tip58	44	-0.73913	-0.441494	-11.3257
Tip58	45	0.331558	-0.0237969	-12.8711
Tip58	46	-0.0018441	-0.578901	-11.0574
Tip58	47	-0.335641	-0.514131	-12.1984
Tip58	48	0.250337	-0.610518	-12.0216
Tip58	49	-0.108935	-0.655844	-11.2683
Tip58	50	0.0159201	-0.731918	-11.7022
Tip50	1	0.783185	3.13555	-13.6263
Tip50	2	0.283228	2.9429	-13.3555
Tip50	3	1.08478	3.39961	-13.8695
Tip50	4	0.555038	2.81234	-13.1626
Tip50	5	0.595486	2.90757	-13.7325
Tip50	6	1.37688	3.27615	-13.7882
Tip50	7	-0.135289	2.62698	-12.4259
Tip50	8	1.07953	3.24798	-14.0664
Tip50	9	0.926586	2.55768	-13.2453
Tip50	10	0.0591773	2.41172	-13.2569
Tip50	11	1.4975	3.27153	-14.1241
Tip50	12	-0.0522329	2.46815	-12.3458
Tip50	13	0.821077	2.86136	-13.9895
Tip50	14	1.56764	2.97495	-13.5228
Tip50	15	-0.377723	2.39505	-12.2993
Tip50	16	1.25022	2.92274	-14.374
Tip50	17	0.491323	2.1815	-12.7779
Tip50	18	0.225131	2.22969	-13.5794
Tip50	19	1.83452	2.93005	-13.9007
Tip50	20	-0.260999	2.30298	-11.9034
Tip50	21	1.08554	2.69504	-14.2596
Tip50	22	1.25414	2.24938	-13.341
Tip50	23	-0.337053	2.10765	-12.4659
Tip50	24	1.70308	2.83683	-14.2143
Tip50	25	0.140066	2.01861	-12.1631
Tip50	26	0.610679	2.11637	-13.9405
Tip50	27	1.88585	2.59503	-13.6987
Tip50	28	-0.33384	2.08032	-11.9508
Tip50	29	1.37525	2.50026	-14.4046
Tip50	30	0.98472	1.81126	-12.8492
Tip50	31	-0.0680883	1.69048	-12.9002
Tip50	32	1.88692	2.29211	-14.0583
Tip50	33	0.0464638	1.80534	-11.946
Tip50	34	0.825915	2.01088	-14.1919
Tip50	35	1.7222	1.79706	-13.4236
Tip50	36	-0.235352	1.74177	-12.2296
Tip50	37	1.47441	2.03444	-14.2545
Tip50	38	0.74738	1.62705	-12.2631
Tip50	39	0.180754	1.46427	-13.2259
Tip50	40	1.78606	1.73526	-13.7865
Tip50	41	0.172747	1.47728	-11.9429
Tip50	42	0.851684	1.62988	-14.0501
Tip50	43	1.42786	1.19582	-12.9803
Tip50	44	0.153596	1.29524	-12.4968
Tip50	45	1.23362	1.50091	-13.9756
Tip50	46	0.812783	1.1973	-12.1979
Tip50	47	0.641914	1.18518	-13.3566
Tip50	48	1.21563	1.07081	-13.2167
Tip50	49	0.736773	1.10508	-12.4132
Tip50	50	0.951274	0.987687	-12.882
Tip62	1	-0.172738	3.47084	-13.84
Tip62	2	-0.636151	3.29296	-13.5474
Tip62	3	0.116945	3.76996	-14.0827
Tip62	4	-0.366656	3.1766	-13.339
Tip62	5	-0.351851	3.2439	-13.9934
Tip62	6	0.401346	3.63299	-13.9837
Tip62	7	-0.996313	3.03119	-12.5372
Tip62	8	0.104914	3.61996	-14.3155
Tip62	9	-0.00504508	2.91778	-13.4377
Tip62	10	-0.850129	2.78518	-13.4534
Tip62	11	0.535478	3.63176	-14.3633
Tip62	12	-0.919277	2.88585	-12.4407
Tip62	13	-0.158727	3.22129	-14.2642
Tip62	14	0.622456	3.31027	-13.6946
Tip62	15	-1.22361	2.81409	-12.3781
Tip62	16	0.277127	3.29242	-14.6442
Tip62	17	-0.359525	2.5997	-12.911
Tip62	18	-0.696589	2.59236	-13.8343
Tip62	19	0.899537	3.25913	-14.0879
Tip62	20	-1.09532	2.75564	-11.9069
Tip62	21	0.0979937	3.06869	-14.5463
Tip62	22	0.32043	2.61939	-13.5261
Tip62	23	-1.1942	2.53526	-12.5398
Tip62	24	0.754789	3.18771	-14.4434
Tip62	25	-0.706416	2.47845	-12.1694
Tip62	26	-0.348421	2.47405	-14.2178
Tip62	27	0.954919	2.93413	-13.8646
Tip62	28	-1.15689	2.5346	-11.9443
Tip62	29	0.417817	2.86345	-14.6842
Tip62	30	0.128673	2.24114	-12.9506
Tip62	31	-0.893828	2.09825	-13.0241
Tip62	32	0.963743	2.63828	-14.272
Tip62	33	-0.781278	2.28404	-11.9162
Tip62	34	-0.136614	2.355	-14.4721
Tip62	35	0.839641	2.19128	-13.5714
Tip62	36	-1.05393	2.19142	-12.2385
Tip62	37	0.5359	2.3758	-14.5254
Tip62	38	-0.0591006	2.11008	-12.2801
Tip62	39	-0.651419	1.85169	-13.3663
Tip62	40	0.906169	2.10569	-13.9624
Tip62	41	-0.607946	1.97068	-11.9187
Tip62	42	-0.0914244	1.99192	-14.3074
Tip62	43	0.601872	1.63861	-13.042
Tip62	44	-0.626506	1.76784	-12.5199
Tip62	45	0.312699	1.86516	-14.2022
Tip62	46	0.0296852	1.67171	-12.2389
Tip62	47	-0.217511	1.58383	-13.4812
Tip62	48	0.378058	1.49314	-13.3028
Tip62	49	-0.048001	1.57913	-12.4587
Tip62	50	0.140811	1.41995	-12.9484
Tip94	1	0.812874	2.7721	-14.6013
Tip94	2	0.411128	2.57353	-14.3719
Tip94	3	1.05212	3.12284	-14.7946
Tip94	4	0.665195	2.43479	-14.1765
Tip94	5	0.65919	2.55494	-14.7545
Tip94	6	1.32437	2.99082	-14.6851
Tip94	7	0.0596638	2.26225	-13.5641
Tip94	8	1.05494	2.99085	-14.9976
Tip94	9	1.01031	2.20457	-14.267
Tip94	10	0.238409	2.05389	-14.333
Tip94	11	1.45111	3.05885	-15.0204
Tip94	12	0.14132	2.11564	-13.4942
Tip94	13	0.821634	2.58487	-14.9675
Tip94	14	1.55444	2.66496	-14.4368
Tip94	15	-0.172445	2.04889	-13.4166
Tip94	16	1.23022	2.75708	-15.2724
Tip94	17	0.693759	1.85903	-13.8955
Tip94	18	0.364764	1.92249	-14.671
Tip94	19	1.82607	2.70672	-14.7529
Tip94	20	-0.103373	2.01571	-12.979
Tip94	21	1.06729	2.50606	-15.1932
Tip94	22	1.33662	1.98484	-14.3295
Tip94	23	-0.11708	1.78034	-13.5779
Tip94	24	1.69111	2.68061	-15.0629
Tip94	25	0.332309	1.7505	-13.2736
Tip94	26	0.675112	1.8639	-14.9741
Tip94	27	1.89418	2.38979	-14.5497
Tip94	28	-0.151698	1.78648	-13.0326
Tip94	29	1.35727	2.38366	-15.3028
Tip94	30	1.15401	1.60589	-13.9156
Tip94	31	0.199307	1.41307	-14.0329
Tip94	32	1.90651	2.17444	-14.9171
Tip94	33	0.224494	1.56291	-13.0227
Tip94	34	0.862558	1.80207	-15.1879
Tip94	35	1.81466	1.65368	-14.3657
Tip94	36	-0.00249985	1.47123	-13.3403
Tip94	37	1.49994	1.91536	-15.1826
Tip94	38	0.954339	1.41949	-13.3505
Tip94	39	0.411295	1.20694	-14.32
Tip94	40	1.86768	1.6243	-14.6876
Tip94	41	0.377986	1.27117	-13.0415
Tip94	42	0.938773	1.43683	-15.0676
Tip94	43	1.61752	1.10255	-13.9763
Tip94	44	0.430274	1.10371	-13.6323
Tip94	45	1.32951	1.38165	-14.9594
Tip94	46	1.02446	1.0149	-13.3167
Tip94	47	0.810914	1.00176	-14.411
Tip94	48	1.40841	0.977524	-14.2086
Tip94	49	0.966654	0.931252	-13.5312
Tip94	50	1.15755	0.857703	-13.9467
Tip116	1	1.45036	3.18377	-13.4084
Tip116	2	0.935809	2.9401	-13.1638
Tip116	3	1.74256	3.48798	-13.6124
Tip116	4	1.2158	2.83686	-12.973
Tip116	5	1.26147	2.94953	-13.5549
Tip116	6	2.02863	3.37639	-13.5168
Tip116	7	0.442112	2.61398	-12.286
Tip116	8	1.73298	3.3462	-13.8172
Tip116	9	1.59866	2.6248	-13.0662
Tip116	10	0.704121	2.4184	-13.1252
Tip116	11	2.15082	3.3988	-13.853
Tip116	12	0.523264	2.45874	-12.2072
Tip116	13	1.47788	2.95093	-13.7977
Tip116	14	2.21722	3.08709	-13.2683
Tip116	15	0.173993	2.40534	-12.1575
Tip116	16	1.90741	3.06303	-14.1262
Tip116	17	1.17304	2.22188	-12.6402
Tip116	18	0.876362	2.25461	-13.4596
Tip116	19	2.48239	3.0714	-13.6257
Tip116	20	0.267419	2.34359	-11.7468
Tip116	21	1.73052	2.83157	-14.0475
Tip116	22	1.89877	2.34532	-13.1656
Tip116	23	0.226809	2.12799	-12.3344
Tip116	24	2.34548	3.00273	-13.9343
Tip116	25	0.726385	2.06418	-12.0043
Tip116	26	1.25625	2.17948	-13.7988
Tip116	27	2.52109	2.74989	-13.449
Tip116	28	0.195248	2.13247	-11.8071
Tip116	29	2.01836	2.67566	-14.1782
Tip116	30	1.65353	1.90513	-12.7173
Tip116	31	0.560209	1.72374	-12.788
Tip116	32	2.51108	2.49613	-13.8252
Tip116	33	0.616021	1.87538	-11.789
Tip116	34	1.46313	2.10086	-14.0346
Tip116	35	2.35267	1.96576	-13.2636
Tip116	36	0.335091	1.79296	-12.0944
Tip116	37	2.11259	2.21485	-14.0578
Tip116	38	1.37768	1.72264	-12.1354
Tip116	39	0.827262	1.52981	-13.1067
Tip116	40	2.41436	1.91428	-13.6183
Tip116	41	0.753928	1.56626	-11.7974
Tip116	42	1.49058	1.72112	-13.8982
Tip116	43	2.05027	1.352	-12.8373
Tip116	44	0.772053	1.3892	-12.3679
Tip116	45	1.86628	1.62954	-13.8445
Tip116	46	1.41152	1.30655	-12.0928
Tip116	47	1.27175	1.29965	-13.2312
Tip116	48	1.83782	1.23178	-13.0932
Tip116	49	1.35481	1.22263	-12.3042
Tip116	50	1.58437	1.13346	-12.7622
Tip91	1	0.35586	2.53544	-11.0325
Tip91	2	-0.162704	2.33454	-10.7526
Tip91	3	0.664739	2.8048	-11.3865
Tip91	4	0.0664505	2.22641	-10.5615
Tip91	5	0.175716	2.30771	-11.1014
Tip91	6	0.912344	2.70724	-11.3312
Tip91	7	-0.623163	2.15954	-9.79342
Tip91	8	0.651214	2.6759	-11.5261
Tip91	9	0.420676	1.99112	-10.6238
Tip91	10	-0.487384	1.84704	-10.6372
Tip91	11	1.06327	2.73763	-11.6614
Tip91	12	-0.556669	1.98444	-9.69147
Tip91	13	0.39427	2.28133	-11.3437
Tip91	14	1.10096	2.45666	-11.059
Tip91	15	-0.866801	1.89333	-9.65744
Tip91	16	0.801719	2.39011	-11.7922
Tip91	17	-0.0996491	1.65443	-10.1758
Tip91	18	-0.280846	1.67015	-10.9552
Tip91	19	1.39144	2.46205	-11.4899
Tip91	20	-0.755492	1.84221	-9.29531
Tip91	21	0.662562	2.15687	-11.6054
Tip91	22	0.707192	1.70104	-10.7582
Tip91	23	-0.862015	1.57298	-9.82033
Tip91	24	1.25776	2.3387	-11.764
Tip91	25	-0.407825	1.56147	-9.53504
Tip91	26	0.11786	1.49251	-11.2813
Tip91	27	1.37338	2.11293	-11.2697
Tip91	28	-0.840978	1.6124	-9.337
Tip91	29	0.939382	1.98798	-11.8283
Tip91	30	0.349599	1.30653	-10.2359
Tip91	31	-0.650287	1.15947	-10.2672
Tip91	32	1.40229	1.79322	-11.6134
Tip91	33	-0.475803	1.3579	-9.34728
Tip91	34	0.341835	1.38731	-11.5673
Tip91	35	1.08488	1.25659	-10.8962
Tip91	36	-0.755196	1.2613	-9.60582
Tip91	37	0.997596	1.49498	-11.701
Tip91	38	0.132955	1.23928	-9.68508
Tip91	39	-0.439016	0.911147	-10.5873
Tip91	40	1.17689	1.18597	-11.3001
Tip91	41	-0.360668	1.07623	-9.39057
Tip91	42	0.345898	1.02524	-11.4596
Tip91	43	0.695665	0.712921	-10.3926
Tip91	44	-0.438353	0.822696	-9.89607
Tip91	45	0.68949	0.936616	-11.3929
Tip91	46	0.191531	0.789609	-9.66057
Tip91	47	-0.0373823	0.603943	-10.6952
Tip91	48	0.505828	0.546952	-10.6064
Tip91	49	0.0926395	0.657768	-9.86521
Tip91	50	0.243143	0.478034	-10.2888
Tip92	1	0.915233	3.0315	-12.9127
Tip92	2	0.453849	2.83539	-12.7135
Tip92	3	1.16122	3.29307	-13.1584
Tip92	4	0.726902	2.70851	-12.5058
Tip92	5	0.723218	2.81713	-13.001
Tip92	6	1.45024	3.18596	-13.0415
Tip92	7	0.108834	2.57004	-11.9604
Tip92	8	1.14229	3.16242	-13.3294
Tip92	9	1.09308	2.50603	-12.529
Tip92	10	0.237809	2.34126	-12.6526
Tip92	11	1.55987	3.2232	-13.371
Tip92	12	0.202957	2.4297	-11.8846
Tip92	13	0.910445	2.77778	-13.2151
Tip92	14	1.66117	2.90603	-12.7628
Tip92	15	-0.11672	2.34112	-11.8597
Tip92	16	1.34807	2.90786	-13.5987
Tip92	17	0.694223	2.14897	-12.1818
Tip92	18	0.382561	2.17025	-12.8987
Tip92	19	1.93448	2.88812	-13.1017
Tip92	20	0.000942563	2.26958	-11.499
Tip92	21	1.19448	2.67881	-13.4656
Tip92	22	1.42194	2.23851	-12.5641
Tip92	23	-0.0966115	2.06021	-12.0214
Tip92	24	1.81536	2.82852	-13.4093
Tip92	25	0.393836	2.01723	-11.7053
Tip92	26	0.741707	2.10689	-13.1583
Tip92	27	1.99047	2.57774	-12.8769
Tip92	28	-0.0640145	2.05904	-11.5473
Tip92	29	1.51255	2.51634	-13.5841
Tip92	30	1.17719	1.8324	-12.1524
Tip92	31	0.143345	1.68738	-12.3493
Tip92	32	2.0355	2.32626	-13.2174
Tip92	33	0.32349	1.8045	-11.4941
Tip92	34	0.944427	2.04483	-13.3938
Tip92	35	1.84819	1.85817	-12.6116
Tip92	36	0.0295781	1.71563	-11.7899
Tip92	37	1.64759	2.07599	-13.4218
Tip92	38	0.974918	1.65339	-11.6782
Tip92	39	0.367912	1.47459	-12.5966
Tip92	40	1.94263	1.80769	-12.9613
Tip92	41	0.450448	1.48692	-11.4724
Tip92	42	1.01727	1.7215	-13.2727
Tip92	43	1.55791	1.2931	-12.222
Tip92	44	0.397285	1.33678	-11.9588
Tip92	45	1.40865	1.59912	-13.167
Tip92	46	1.02352	1.24027	-11.6103
Tip92	47	0.805536	1.24306	-12.6133
Tip92	48	1.36648	1.20097	-12.4481
Tip92	49	0.940294	1.16519	-11.8108
Tip92	50	1.10463	1.06741	-12.1695
Tip66	1	0.350161	3.09003	-12.2493
Tip66	2	-0.0767642	2.91003	-12.0579
Tip66	3	0.549581	3.33105	-12.4776
Tip66	4	0.205007	2.77465	-11.8617
Tip66	5	0.163839	2.87094	-12.315
Tip66	6	0.842658	3.20954	-12.3666
Tip66	7	-0.368691	2.62634	-11.353
Tip66	8	0.516722	3.18984	-12.6416
Tip66	9	0.538263	2.52799	-11.8878
Tip66	10	-0.292068	2.40797	-12.0232
Tip66	11	0.957423	3.23017	-12.6939
Tip66	12	-0.276226	2.47907	-11.2727
Tip66	13	0.314566	2.80614	-12.5229
Tip66	14	1.10699	2.90604	-12.0943
Tip66	15	-0.583659	2.3953	-11.2385
Tip66	16	0.749305	2.92068	-12.932
Tip66	17	0.170426	2.15223	-11.5573
Tip66	18	-0.189703	2.21623	-12.2375
Tip66	19	1.36628	2.88279	-12.4589
Tip66	20	-0.461787	2.29585	-10.8641
Tip66	21	0.586167	2.69613	-12.7777
Tip66	22	0.882626	2.20776	-11.9146
Tip66	23	-0.555043	2.10796	-11.3966
Tip66	24	1.22892	2.812	-12.7497
Tip66	25	-0.0968244	2.0343	-11.0592
Tip66	26	0.151209	2.08648	-12.4576
Tip66	27	1.43528	2.55862	-12.2356
Tip66	28	-0.51348	2.08191	-10.9099
Tip66	29	0.910956	2.49786	-12.9064
Tip66	30	0.645664	1.77898	-11.4949
Tip66	31	-0.372492	1.70532	-11.7521
Tip66	32	1.4611	2.27958	-12.5754
Tip66	33	-0.168229	1.80941	-10.8415
Tip66	34	0.359551	1.99554	-12.6781
Tip66	35	1.31792	1.76581	-11.9954
Tip66	36	-0.444916	1.72734	-11.1542
Tip66	37	1.06163	2.00793	-12.7472
Tip66	38	0.454469	1.60454	-11.0136
Tip66	39	-0.178823	1.45046	-11.9992
Tip66	40	1.40388	1.69341	-12.3182
Tip66	41	-0.0676912	1.45711	-10.8249
Tip66	42	0.441927	1.63007	-12.554
Tip66	43	1.0334	1.15814	-11.5825
Tip66	44	-0.131658	1.28546	-11.3233
Tip66	45	0.837935	1.50498	-12.4762
Tip66	46	0.507384	1.13471	-10.966
Tip66	47	0.262724	1.14926	-11.9527
Tip66	48	0.839303	1.08158	-11.7821
Tip66	49	0.41078	1.06121	-11.1746
Tip66	50	0.572573	0.959107	-11.5296
Tip129	1	1.17604	2.23883	-11.5562
Tip129	2	0.73504	2.03476	-11.3665
Tip129	3	1.38218	2.50697	-11.7801
Tip129	4	1.01125	1.87643	-11.1614
Tip129	5	0.998878	2.00526	-11.6197
Tip129	6	1.65771	2.37735	-11.6661
Tip129	7	0.41948	1.70046	-10.6612
Tip129	8	1.36591	2.36113	-11.9424
Tip129	9	1.35211	1.62559	-11.1833
Tip129	10	0.532854	1.50584	-11.3072
Tip129	11	1.77265	2.40868	-12.0125
Tip129	12	0.510791	1.55553	-10.5746
Tip129	13	1.16716	1.94619	-11.8199
Tip129	14	1.89457	2.0519	-11.4143
Tip129	15	0.192305	1.48117	-10.5491
Tip129	16	1.57768	2.09286	-12.2548
Tip129	17	0.979249	1.23404	-10.8506
Tip129	18	0.653961	1.31886	-11.5131
Tip129	19	2.14566	2.04295	-11.8074
Tip129	20	0.280569	1.39723	-10.1914
Tip129	21	1.43245	1.85868	-12.0811
Tip129	22	1.68514	1.3036	-11.2145
Tip129	23	0.234135	1.20016	-10.7096
Tip129	24	2.02339	1.97746	-12.086
Tip129	25	0.674765	1.12695	-10.3767
Tip129	26	1.01435	1.20325	-11.7347
Tip129	27	2.19714	1.69856	-11.5704
Tip129	28	0.236392	1.18674	-10.237
Tip129	29	1.72449	1.65942	-12.2227
Tip129	30	1.44638	0.885053	-10.7989
Tip129	31	0.44768	0.810829	-11.0574
Tip129	32	2.22941	1.43087	-11.9046
Tip129	33	0.584136	0.931014	-10.1827
Tip129	34	1.21253	1.12643	-11.9578
Tip129	35	2.09526	0.872388	-11.3336
Tip129	36	0.333223	0.847067	-10.4889
Tip129	37	1.85976	1.15224	-12.0502
Tip129	38	1.22183	0.741207	-10.3522
Tip129	39	0.652554	0.570222	-11.2978
Tip129	40	2.17854	0.815018	-11.6626
Tip129	41	0.682485	0.606772	-10.1687
Tip129	42	1.28103	0.756674	-11.8398
Tip129	43	1.79995	0.284197	-10.9155
Tip129	44	0.646984	0.430802	-10.6404
Tip129	45	1.65263	0.618848	-11.7873
Tip129	46	1.24984	0.309286	-10.303
Tip129	47	1.08124	0.2719	-11.2735
Tip129	48	1.61858	0.214697	-11.1132
Tip129	49	1.16916	0.227633	-10.503
Tip129	50	1.35645	0.109059	-10.8592
Tip56	1	-0.0156982	3.54436	-11.6765
Tip56	2	-0.417675	3.39272	-11.4797
Tip56	3	0.196957	3.78396	-11.8986
Tip56	4	-0.176239	3.24513	-11.2426
Tip56	5	-0.190786	3.32749	-11.7228
Tip56	6	0.46349	3.64723	-11.773
Tip56	7	-0.687683	3.14094	-10.714
Tip56	8	0.171132	3.64984	-12.0465
Tip56	9	0.102781	3.00055	-11.2228
Tip56	10	-0.597651	2.90625	-11.3542
Tip56	11	0.593482	3.66556	-12.0701
Tip56	12	-0.614684	3.0085	-10.6263
Tip56	13	-0.0539769	3.26184	-11.9001
Tip56	14	0.684058	3.29556	-11.4769
Tip56	15	-0.890502	2.94579	-10.592
Tip56	16	0.389565	3.32479	-12.2678
Tip56	17	-0.210385	2.66775	-10.8825
Tip56	18	-0.512981	2.69903	-11.5343
Tip56	19	0.960927	3.25398	-11.8291
Tip56	20	-0.816889	2.82986	-10.2305
Tip56	21	0.218206	3.11555	-12.1074
Tip56	22	0.414506	2.66463	-11.2115
Tip56	23	-0.889334	2.6592	-10.7282
Tip56	24	0.847132	3.17477	-12.0953
Tip56	25	-0.497178	2.5848	-10.4087
Tip56	26	-0.199675	2.57005	-11.7272
Tip56	27	0.984017	2.93351	-11.5764
Tip56	28	-0.877348	2.62245	-10.2683
Tip56	29	0.515866	2.88828	-12.2074
Tip56	30	0.206599	2.25051	-10.8306
Tip56	31	-0.697401	2.21229	-11.0792
Tip56	32	1.02728	2.64043	-11.888
Tip56	33	-0.58234	2.35322	-10.2228
Tip56	34	0.00334234	2.46259	-11.9502
Tip56	35	0.844116	2.19706	-11.3174
Tip56	36	-0.820838	2.26119	-10.5004
Tip56	37	0.639269	2.42518	-12.0163
Tip56	38	0.0245958	2.08629	-10.375
Tip56	39	-0.509123	1.91953	-11.3429
Tip56	40	0.947017	2.10319	-11.6556
Tip56	41	-0.484645	1.97106	-10.2186
Tip56	42	0.0533348	2.09284	-11.8348
Tip56	43	0.598849	1.56394	-10.9858
Tip56	44	-0.538787	1.77209	-10.7169
Tip56	45	0.425276	1.94193	-11.7996
Tip56	46	0.0589253	1.58409	-10.3704
Tip56	47	-0.109772	1.5949	-11.3276
Tip56	48	0.41217	1.50286	-11.1853
Tip56	49	-0.0303195	1.49843	-10.5944
Tip56	50	0.147135	1.37866	-10.9407
Tip68	1	0.11205	2.95453	-11.1138
Tip68	2	-0.311738	2.76499	-10.9198
Tip68	3	0.321481	3.22856	-11.3487
Tip68	4	-0.0626195	2.59151	-10.6786
Tip68	5	-0.0586701	2.72833	-11.1682
Tip68	6	0.616221	3.08951	-11.2257
Tip68	7	-0.638238	2.44871	-10.1626
Tip68	8	0.301719	3.09723	-11.4951
Tip68	9	0.242733	2.3443	-10.6785
Tip68	10	-0.51046	2.22849	-10.8188
Tip68	11	0.746522	3.12818	-11.5291
Tip68	12	-0.565697	2.30252	-10.0752
Tip68	13	0.0894779	2.68227	-11.344
Tip68	14	0.860981	2.71779	-10.9434
Tip68	15	-0.858879	2.24229	-10.0454
Tip68	16	0.549181	2.79597	-11.7231
Tip68	17	-0.115172	1.94445	-10.3448
Tip68	18	-0.40956	2.03094	-11.0117
Tip68	19	1.14881	2.70267	-11.3063
Tip68	20	-0.789137	2.11469	-9.70161
Tip68	21	0.372506	2.55766	-11.558
Tip68	22	0.582757	2.00541	-10.6854
Tip68	23	-0.849677	1.94495	-10.2012
Tip68	24	1.02277	2.63525	-11.5655
Tip68	25	-0.434833	1.84792	-9.87728
Tip68	26	-0.0684071	1.91601	-11.2092
Tip68	27	1.18415	2.3643	-11.0684
Tip68	28	-0.850251	1.90018	-9.74762
Tip68	29	0.678529	2.33159	-11.6713
Tip68	30	0.339549	1.54486	-10.3275
Tip68	31	-0.622451	1.49569	-10.5756
Tip68	32	1.22246	2.08397	-11.3887
Tip68	33	-0.517009	1.60888	-9.70724
Tip68	34	0.154647	1.83367	-11.4366
Tip68	35	1.03563	1.56602	-10.8232
Tip68	36	-0.775669	1.52669	-9.99314
Tip68	37	0.821491	1.83612	-11.5131
Tip68	38	0.122989	1.35481	-9.88966
Tip68	39	-0.400193	1.21425	-10.8554
Tip68	40	1.14362	1.49921	-11.1736
Tip68	41	-0.401281	1.2248	-9.73103
Tip68	42	0.211992	1.44894	-11.3311
Tip68	43	0.754969	0.907989	-10.5287
Tip68	44	-0.449811	1.03626	-10.2423
Tip68	45	0.5985	1.31403	-11.3167
Tip68	46	0.17427	0.87001	-9.9217
Tip68	47	0.0291184	0.906597	-10.8551
Tip68	48	0.564996	0.844572	-10.7239
Tip68	49	0.0888438	0.7851	-10.1453
Tip68	50	0.288235	0.693966	-10.497
Tip102	1	1.00038	4.60467	-11.6355
Tip102	2	0.591844	4.4749	-11.4463
Tip102	3	1.20667	4.80997	-11.8963
Tip102	4	0.867705	4.33367	-11.1809
Tip102	5	0.841331	4.41511	-11.6844
Tip102	6	1.4791	4.6775	-11.7876
Tip102	7	0.245472	4.20963	-10.6663
Tip102	8	1.18902	4.66775	-12.0339
Tip102	9	1.19292	4.03217	-11.1701
Tip102	10	0.425089	4.04099	-11.3261
Tip102	11	1.58536	4.63911	-12.0977
Tip102	12	0.344627	4.0649	-10.5796
Tip102	13	0.993787	4.3329	-11.886
Tip102	14	1.71984	4.32151	-11.5004
Tip102	15	0.0431622	3.99013	-10.533
Tip102	16	1.39615	4.33998	-12.2977
Tip102	17	0.91785	3.65281	-10.8309
Tip102	18	0.542813	3.82508	-11.5052
Tip102	19	1.95957	4.21447	-11.9165
Tip102	20	0.120413	3.83977	-10.1734
Tip102	21	1.25392	4.179	-12.1258
Tip102	22	1.54272	3.63761	-11.2183
Tip102	23	0.124671	3.71451	-10.6879
Tip102	24	1.81686	4.15567	-12.1661
Tip102	25	0.577177	3.56253	-10.3655
Tip102	26	0.893807	3.62521	-11.7055
Tip102	27	2.05486	3.89501	-11.6491
Tip102	28	0.101539	3.61685	-10.2141
Tip102	29	1.53915	3.91502	-12.2545
Tip102	30	1.43692	3.16151	-10.8164
Tip102	31	0.411368	3.24999	-11.0335
Tip102	32	2.05275	3.60977	-12.01
Tip102	33	0.496986	3.31559	-10.1469
Tip102	34	1.11672	3.47173	-11.9488
Tip102	35	1.97728	3.10179	-11.425
Tip102	36	0.269624	3.27516	-10.457
Tip102	37	1.70516	3.41916	-12.1179
Tip102	38	1.24956	2.9779	-10.3598
Tip102	39	0.678073	2.88908	-11.3043
Tip102	40	2.02655	2.99943	-11.7899
Tip102	41	0.641798	2.90984	-10.1563
Tip102	42	1.21167	3.07067	-11.8585
Tip102	43	1.82743	2.41575	-11.0128
Tip102	44	0.661718	2.70765	-10.6617
Tip102	45	1.58573	2.87483	-11.8542
Tip102	46	1.2841	2.45314	-10.3411
Tip102	47	1.16166	2.47772	-11.3067
Tip102	48	1.67478	2.37332	-11.1999
Tip102	49	1.22481	2.36875	-10.5376
Tip102	50	1.42773	2.23103	-10.9206
Tip74	1	0.262093	2.57581	-12.6185
Tip74	2	-0.175167	2.38952	-12.5049
Tip74	3	0.4753	2.8232	-12.7709
Tip74	4	0.110768	2.25606	-12.3062
Tip74	5	0.0910588	2.33911	-12.7162
Tip74	6	0.796256	2.73171	-12.6218
Tip74	7	-0.488513	2.1004	-11.8972
Tip74	8	0.456857	2.69349	-12.9247
Tip74	9	0.481809	2.00649	-12.2706
Tip74	10	-0.354958	1.91472	-12.5004
Tip74	11	0.934294	2.7484	-12.9131
Tip74	12	-0.393823	1.94536	-11.8257
Tip74	13	0.253651	2.28224	-12.8669
Tip74	14	1.07082	2.44139	-12.3613
Tip74	15	-0.711861	1.89357	-11.7906
Tip74	16	0.720202	2.40402	-13.1432
Tip74	17	0.155334	1.59689	-12.0322
Tip74	18	-0.221018	1.71917	-12.6862
Tip74	19	1.37212	2.42532	-12.6847
Tip74	20	-0.587354	1.77413	-11.4396
Tip74	21	0.545014	2.19482	-13.0338
Tip74	22	0.86868	1.71062	-12.1995
Tip74	23	-0.656517	1.59371	-11.9624
Tip74	24	1.2334	2.32296	-12.9584
Tip74	25	-0.160817	1.48292	-11.6165
Tip74	26	0.177134	1.59291	-12.8356
Tip74	27	1.44275	2.11041	-12.4701
Tip74	28	-0.618635	1.54882	-11.5097
Tip74	29	0.896638	2.00062	-13.1096
Tip74	30	0.691558	1.24011	-11.8881
Tip74	31	-0.36244	1.18106	-12.3139
Tip74	32	1.50607	1.84285	-12.7693
Tip74	33	-0.206478	1.25862	-11.4204
Tip74	34	0.419635	1.507	-12.9887
Tip74	35	1.34927	1.32792	-12.2642
Tip74	36	-0.476822	1.18388	-11.744
Tip74	37	1.1067	1.56383	-12.9534
Tip74	38	0.519269	1.04023	-11.5216
Tip74	39	-0.101446	0.934849	-12.5387
Tip74	40	1.45228	1.28917	-12.5604
Tip74	41	-0.0248371	0.905655	-11.3969
Tip74	42	0.519179	1.16741	-12.867
Tip74	43	1.14107	0.646975	-11.9514
Tip74	44	-0.0546527	0.723887	-11.888
Tip74	45	0.929645	1.05985	-12.743
Tip74	46	0.565856	0.554293	-11.4591
Tip74	47	0.411916	0.624822	-12.4035
Tip74	48	0.954584	0.591565	-12.1611
Tip74	49	0.484634	0.472841	-11.676
Tip74	50	0.68807	0.40781	-11.9735
Tip46	1	0.854719	0.910583	-10.3682
Tip46	2	0.419425	0.674903	-10.2292
Tip46	3	1.03518	1.24216	-10.5938
Tip46	4	0.683822	0.48789	-9.95003
Tip46	5	0.687598	0.643539	-10.4108
Tip46	6	1.33376	1.11241	-10.4125
Tip46	7	0.0262451	0.246964	-9.65638
Tip46	8	1.00381	1.09354	-10.7349
Tip46	9	1.02448	0.23666	-9.83644
Tip46	10	0.204557	0.131729	-10.1389
Tip46	11	1.42355	1.156	-10.7567
Tip46	12	0.12432	0.0450362	-9.56276
Tip46	13	0.841757	0.595952	-10.5705
Tip46	14	1.5776	0.717262	-10.0816
Tip46	15	-0.203343	0.0220866	-9.59368
Tip46	16	1.22254	0.782175	-10.931
Tip46	17	0.630891	-0.254703	-9.56207
Tip46	18	0.322734	-0.0349497	-10.2676
Tip46	19	1.81803	0.756744	-10.4446
Tip46	20	-0.104345	-0.154726	-9.27525
Tip46	21	1.09508	0.49671	-10.7267
Tip46	22	1.3306	-0.101498	-9.7326
Tip46	23	-0.17658	-0.264243	-9.68785
Tip46	24	1.67708	0.671428	-10.6995
Tip46	25	0.27329	-0.456384	-9.29084
Tip46	26	0.702793	-0.142132	-10.3684
Tip46	27	1.8785	0.39226	-10.1376
Tip46	28	-0.160512	-0.363838	-9.30521
Tip46	29	1.38	0.323899	-10.7962
Tip46	30	1.11172	-0.630498	-9.36773
Tip46	31	0.0875789	-0.651202	-9.86652
Tip46	32	1.88502	0.125178	-10.4283
Tip46	33	0.178257	-0.666959	-9.13181
Tip46	34	0.8995	-0.187384	-10.5358
Tip46	35	1.72695	-0.471578	-9.82686
Tip46	36	-0.077341	-0.696541	-9.44168
Tip46	37	1.51767	-0.125681	-10.5668
Tip46	38	0.868378	-0.827374	-9.08155
Tip46	39	0.329605	-0.866743	-10.0353
Tip46	40	1.80408	-0.493221	-10.171
Tip46	41	0.30584	-0.976754	-9.05898
Tip46	42	0.971352	-0.558718	-10.401
Tip46	43	1.4649	-1.18152	-9.47856
Tip46	44	0.293778	-1.15564	-9.45047
Tip46	45	1.33585	-0.714593	-10.3178
Tip46	46	0.905718	-1.23602	-9.04612
Tip46	47	0.776235	-1.20601	-9.89877
Tip46	48	1.28213	-1.249	-9.67351
Tip46	49	0.827453	-1.33097	-9.22639
Tip46	50	1.01407	-1.40014	-9.49669
Tip86	1	2.59522	-0.102633	-10.4103
Tip86	2	2.20436	-0.335519	-10.3153
Tip86	3	2.74669	0.228323	-10.5818
Tip86	4	2.52959	-0.494353	-10.0449
Tip86	5	2.49217	-0.339295	-10.5354
Tip86	6	3.12584	0.101599	-10.3863
Tip86	7	1.6979	-0.59382	-9.62365
Tip86	8	2.7315	0.0821151	-10.7646
Tip86	9	2.91676	-0.686412	-9.97923
Tip86	10	2.00601	-0.780646	-10.2604
Tip86	11	3.18929	0.153925	-10.7669
Tip86	12	1.7954	-0.775915	-9.50749
Tip86	13	2.64019	-0.354968	-10.7244
Tip86	14	3.4068	-0.24301	-10.1025
Tip86	15	1.38897	-0.698044	-9.49962
Tip86	16	3.01746	-0.17518	-11.0342
Tip86	17	2.41332	-1.09171	-9.64984
Tip86	18	2.1636	-0.949104	-10.4546
Tip86	19	3.63489	-0.17175	-10.5344
Tip86	20	1.43739	-0.787108	-9.13492
Tip86	21	2.90596	-0.43344	-10.9246
Tip86	22	3.21332	-0.953155	-9.87288
Tip86	23	1.43723	-0.975256	-9.64764
Tip86	24	3.49618	-0.25601	-10.8187
Tip86	25	1.91058	-1.16256	-9.24294
Tip86	26	2.56058	-1.03602	-10.6069
Tip86	27	3.74838	-0.506995	-10.2163
Tip86	28	1.36078	-0.988848	-9.18232
Tip86	29	3.23382	-0.589531	-10.9931
Tip86	30	2.81019	-1.36952	-9.48864
Tip86	31	1.78616	-1.38667	-9.8926
Tip86	32	3.76889	-0.74171	-10.5686
Tip86	33	1.74275	-1.30936	-9.0448
Tip86	34	2.79011	-1.06881	-10.8069
Tip86	35	3.59576	-1.22228	-9.95505
Tip86	36	1.47707	-1.37279	-9.37083
Tip86	37	3.43457	-1.01397	-10.7743
Tip86	38	2.44998	-1.5113	-9.14438
Tip86	39	2.05139	-1.59697	-10.0886
Tip86	40	3.69785	-1.25934	-10.3066
Tip86	41	1.82258	-1.60119	-8.98816
Tip86	42	2.85232	-1.39184	-10.6268
Tip86	43	3.12277	-1.79524	-9.5502
Tip86	44	1.87065	-1.79551	-9.39454
Tip86	45	3.2606	-1.48402	-10.4976
Tip86	46	2.41099	-1.88305	-9.07597
Tip86	47	2.44379	-1.88193	-9.95324
Tip86	48	2.96303	-1.87215	-9.77995
Tip86	49	2.35445	-1.96177	-9.24563
Tip86	50	2.61461	-2.00616	-9.55267
Tip75	1	2.14285	-0.911195	-10.104
Tip75	2	1.55051	-1.13044	-10.0941
Tip75	3	2.39073	-0.64143	-10.2142
Tip75	4	1.84504	-1.34602	-9.86346
Tip75	5	1.92654	-1.15279	-10.2811
Tip75	6	2.76512	-0.813003	-9.99745
Tip75	7	0.645936	-1.41505	-9.62356
Tip75	8	2.33991	-0.80575	-10.3913
Tip75	9	2.19677	-1.54231	-9.83474
Tip75	10	1.08025	-1.63687	-10.16
Tip75	11	2.8457	-0.801162	-10.3483
Tip75	12	0.669218	-1.63405	-9.54518
Tip75	13	2.06292	-1.21901	-10.4574
Tip75	14	2.92373	-1.12921	-9.82737
Tip75	15	0.273479	-1.60084	-9.51022
Tip75	16	2.50929	-1.08201	-10.6733
Tip75	17	1.30616	-2.01122	-9.69829
Tip75	18	1.19372	-1.86444	-10.383
Tip75	19	3.26458	-1.15458	-10.151
Tip75	20	0.323029	-1.74215	-9.15188
Tip75	21	2.27137	-1.35227	-10.6382
Tip75	22	2.45813	-1.82043	-9.82547
Tip75	23	0.27875	-1.94545	-9.64271
Tip75	24	3.01365	-1.24773	-10.4566
Tip75	25	0.726581	-2.1708	-9.26819
Tip75	26	1.55586	-2.00661	-10.5507
Tip75	27	3.27908	-1.45751	-9.9638
Tip75	28	0.235192	-2.01166	-9.19966
Tip75	29	2.57242	-1.53799	-10.7261
Tip75	30	1.63507	-2.29836	-9.68288
Tip75	31	0.552014	-2.44504	-9.95077
Tip75	32	3.21415	-1.70116	-10.3405
Tip75	33	0.583078	-2.38544	-9.04026
Tip75	34	1.83496	-2.09361	-10.7456
Tip75	35	2.80177	-2.12548	-9.99477
Tip75	36	0.280536	-2.48047	-9.35002
Tip75	37	2.70291	-1.96003	-10.6893
Tip75	38	1.16999	-2.50642	-9.3144
Tip75	39	0.838816	-2.69378	-10.1936
Tip75	40	2.88994	-2.16469	-10.3099
Tip75	41	0.614135	-2.68751	-8.99111
Tip75	42	1.81223	-2.41886	-10.6962
Tip75	43	1.93395	-2.79359	-9.85043
Tip75	44	0.58651	-2.88454	-9.51205
Tip75	45	2.29806	-2.45654	-10.5919
Tip75	46	1.11116	-2.93399	-9.27439
Tip75	47	1.20061	-2.97475	-10.1913
Tip75	48	1.74911	-2.9193	-10.0563
Tip75	49	1.0315	-3.03397	-9.44242
Tip75	50	1.29773	-3.07912	-9.82267
Tip36	1	2.05141	-0.423055	-10.5554
Tip36	2	1.42347	-0.676017	-10.5516
Tip36	3	2.3109	-0.153881	-10.6133
Tip36	4	1.73365	-0.887641	-10.3111
Tip36	5	1.83707	-0.66504	-10.7433
Tip36	6	2.69076	-0.352072	-10.3688
Tip36	7	0.403744	-1.01425	-10.0082
Tip36	8	2.26228	-0.309858	-10.8066
Tip36	9	2.12205	-1.07645	-10.2788
Tip36	10	0.92227	-1.20532	-10.6057
Tip36	11	2.78844	-0.329684	-10.7035
Tip36	12	0.426921	-1.21563	-9.92538
Tip36	13	1.98389	-0.710931	-10.9212
Tip36	14	2.86817	-0.67339	-10.1789
Tip36	15	0.00340975	-1.19988	-9.88739
Tip36	16	2.46797	-0.580903	-11.073
Tip36	17	1.15003	-1.60055	-10.0862
Tip36	18	1.06712	-1.44377	-10.8055
Tip36	19	3.22337	-0.695305	-10.4838
Tip36	20	0.0493334	-1.31583	-9.53855
Tip36	21	2.21916	-0.842318	-11.0788
Tip36	22	2.41441	-1.3803	-10.2238
Tip36	23	0.0251413	-1.53943	-10.0208
Tip36	24	2.99085	-0.769469	-10.8001
Tip36	25	0.47769	-1.73761	-9.66183
Tip36	26	1.47801	-1.54997	-10.9558
Tip36	27	3.25066	-1.02465	-10.2875
Tip36	28	-0.0371565	-1.58235	-9.58215
Tip36	29	2.54331	-1.05426	-11.1261
Tip36	30	1.50827	-1.87266	-10.0393
Tip36	31	0.362744	-2.04319	-10.3528
Tip36	32	3.19373	-1.25942	-10.6606
Tip36	33	0.325115	-1.96229	-9.43295
Tip36	34	1.78382	-1.64042	-11.1317
Tip36	35	2.76974	-1.71207	-10.352
Tip36	36	0.0310484	-2.07107	-9.73081
Tip36	37	2.68009	-1.51182	-11.0517
Tip36	38	0.979308	-2.08744	-9.66518
Tip36	39	0.678478	-2.27632	-10.5681
Tip36	40	2.86209	-1.75976	-10.6567
Tip36	41	0.375139	-2.27395	-9.36531
Tip36	42	1.7651	-1.96393	-11.0464
Tip36	43	1.85048	-2.3497	-10.1967
Tip36	44	0.366348	-2.46977	-9.87842
Tip36	45	2.25934	-2.0101	-10.9342
Tip36	46	0.927938	-2.50805	-9.60649
Tip36	47	1.07339	-2.55379	-10.5155
Tip36	48	1.64866	-2.47233	-10.3949
Tip36	49	0.858007	-2.61018	-9.77774
Tip36	50	1.15978	-2.65822	-10.1432
Tip32	1	3.06155	-1.62117	-7.52931
Tip32	2	2.55676	-1.77423	-7.50641
Tip32	3	3.24664	-1.36587	-7.7029
Tip32	4	2.8412	-1.99456	-7.23592
Tip32	5	2.92355	-1.84962	-7.66984
Tip32	6	3.62988	-1.52196	-7.51952
Tip32	7	1.69149	-1.93248	-7.06388
Tip32	8	3.23535	-1.53541	-7.85808
Tip32	9	3.17687	-2.20104	-7.23448
Tip32	10	2.17752	-2.20036	-7.54009
Tip32	11	3.7368	-1.50576	-7.90237
Tip32	12	1.73378	-2.12935	-6.95653
Tip32	13	3.07025	-1.93203	-7.8362
Tip32	14	3.86204	-1.78837	-7.35982
Tip32	15	1.2926	-2.05408	-7.03044
Tip32	16	3.49392	-1.80899	-8.13276
Tip32	17	2.38267	-2.50343	-7.01129
Tip32	18	2.29722	-2.42394	-7.71926
Tip32	19	4.21546	-1.76845	-7.76335
Tip32	20	1.339	-2.17279	-6.68088
Tip32	21	3.29792	-2.06654	-8.03587
Tip32	22	3.46687	-2.42215	-7.27607
Tip32	23	1.31798	-2.37018	-7.12307
Tip32	24	4.01302	-1.90179	-8.00391
Tip32	25	1.7818	-2.55991	-6.68791
Tip32	26	2.67143	-2.59412	-7.86315
Tip32	27	4.26022	-2.03389	-7.58871
Tip32	28	1.25572	-2.39959	-6.72003
Tip32	29	3.64171	-2.21556	-8.18938
Tip32	30	2.70583	-2.77504	-7.01469
Tip32	31	1.66241	-2.82371	-7.33192
Tip32	32	4.2439	-2.26953	-7.94643
Tip32	33	1.61919	-2.72658	-6.51162
Tip32	34	2.94171	-2.68568	-8.1012
Tip32	35	3.84725	-2.65867	-7.49963
Tip32	36	1.33097	-2.80908	-6.83856
Tip32	37	3.79018	-2.56836	-8.18965
Tip32	38	2.23717	-2.88134	-6.68372
Tip32	39	1.93123	-3.08668	-7.5503
Tip32	40	3.95316	-2.70258	-7.82803
Tip32	41	1.6545	-2.99201	-6.4787
Tip32	42	2.92272	-2.9754	-8.04605
Tip32	43	3.0104	-3.25035	-7.24934
Tip32	44	1.64456	-3.18404	-6.96302
Tip32	45	3.39735	-2.98622	-8.00404
Tip32	46	2.16513	-3.25397	-6.70701
Tip32	47	2.26773	-3.3682	-7.54084
Tip32	48	2.8347	-3.34874	-7.42924
Tip32	49	2.09704	-3.33872	-6.87858
Tip32	50	2.36042	-3.43265	-7.21276
Tip88	1	3.31108	-0.742201	-9.48039
Tip88	2	2.79316	-0.857791	-9.41126
Tip88	3	3.48687	-0.507864	-9.60286
Tip88	4	3.12255	-1.07884	-9.2035
Tip88	5	3.1746	-0.953949	-9.61849
Tip88	6	3.90955	-0.682465	-9.41599
Tip88	7	1.86077	-0.969265	-8.78244
Tip88	8	3.48219	-0.676704	-9.76713
Tip88	9	3.4877	-1.31486	-9.18448
Tip88	10	2.39385	-1.25257	-9.35852
Tip88	11	3.98987	-0.664902	-9.76427
Tip88	12	1.91838	-1.16325	-8.68299
Tip88	13	3.32251	-1.05749	-9.75961
Tip88	14	4.16783	-0.964446	-9.24771
Tip88	15	1.44981	-1.11844	-8.64789
Tip88	16	3.75395	-0.961904	-10.0041
Tip88	17	2.65045	-1.52144	-8.85667
Tip88	18	2.52409	-1.50557	-9.51982
Tip88	19	4.48948	-0.945783	-9.57739
Tip88	20	1.51647	-1.23047	-8.29077
Tip88	21	3.54754	-1.23109	-9.93263
Tip88	22	3.79809	-1.58434	-9.18867
Tip88	23	1.51205	-1.44262	-8.73462
Tip88	24	4.27792	-1.05948	-9.82841
Tip88	25	2.0215	-1.58418	-8.40174
Tip88	26	2.91857	-1.74025	-9.66594
Tip88	27	4.55125	-1.20884	-9.40733
Tip88	28	1.45243	-1.46879	-8.31642
Tip88	29	3.90415	-1.39355	-10.0205
Tip88	30	3.01772	-1.833	-8.85722
Tip88	31	1.90071	-1.87502	-8.98074
Tip88	32	4.50658	-1.46436	-9.73144
Tip88	33	1.85824	-1.75662	-8.18763
Tip88	34	3.18507	-1.86012	-9.89399
Tip88	35	4.14293	-1.85329	-9.32302
Tip88	36	1.56301	-1.88339	-8.43066
Tip88	37	4.05777	-1.77192	-9.96784
Tip88	38	2.53639	-1.90978	-8.43913
Tip88	39	2.20142	-2.1713	-9.20794
Tip88	40	4.24002	-1.9116	-9.61489
Tip88	41	1.91743	-2.03584	-8.13677
Tip88	42	3.1581	-2.15804	-9.77861
Tip88	43	3.33948	-2.39721	-8.9811
Tip88	44	1.949	-2.23552	-8.59668
Tip88	45	3.6544	-2.2082	-9.75509
Tip88	46	2.49214	-2.33551	-8.3966
Tip88	47	2.57358	-2.50696	-9.18565
Tip88	48	3.15301	-2.49832	-9.13481
Tip88	49	2.41872	-2.42335	-8.53983
Tip88	50	2.69007	-2.55552	-8.86315
Tip61	1	6.29262	0.711547	-8.08062
Tip61	2	5.83925	0.523214	-8.01535
Tip61	3	6.38494	0.928852	-8.20199
Tip61	4	6.14938	0.332058	-7.78186
Tip61	5	6.22927	0.465495	-8.29193
Tip61	6	6.76991	0.774679	-8.04168
Tip61	7	4.76525	0.157585	-7.44558
Tip61	8	6.42358	0.77102	-8.41266
Tip61	9	6.50302	0.0734279	-7.86403
Tip61	10	5.48495	0.0193379	-8.0241
Tip61	11	6.81736	0.742265	-8.44038
Tip61	12	4.84384	-0.0240604	-7.3145
Tip61	13	6.36276	0.359244	-8.53615
Tip61	14	7.0218	0.419709	-7.91058
Tip61	15	4.25428	-0.0286509	-7.40021
Tip61	16	6.67463	0.404207	-8.86338
Tip61	17	5.69879	-0.242373	-7.50568
Tip61	18	5.63392	-0.250396	-8.28262
Tip61	19	7.28151	0.338186	-8.27375
Tip61	20	4.31685	-0.178447	-7.04841
Tip61	21	6.56436	0.159865	-8.80994
Tip61	22	6.74453	-0.260174	-7.97466
Tip61	23	4.31781	-0.318092	-7.50011
Tip61	24	7.11925	0.216328	-8.62752
Tip61	25	4.91802	-0.406439	-7.07687
Tip61	26	5.99223	-0.456315	-8.56405
Tip61	27	7.31965	0.0599485	-8.14473
Tip61	28	4.21324	-0.400079	-7.09023
Tip61	29	6.81844	-0.101978	-8.94978
Tip61	30	6.01494	-0.565036	-7.60297
Tip61	31	4.81589	-0.70674	-7.79326
Tip61	32	7.28558	-0.250997	-8.63887
Tip61	33	4.61327	-0.608239	-6.88837
Tip61	34	6.21163	-0.600369	-8.89011
Tip61	35	6.96046	-0.621052	-8.2592
Tip61	36	4.30847	-0.729263	-7.21491
Tip61	37	6.88745	-0.56559	-8.96906
Tip61	38	5.47161	-0.647218	-7.14955
Tip61	39	5.1194	-1.03355	-8.10951
Tip61	40	7.02338	-0.728882	-8.57823
Tip61	41	4.64008	-0.866827	-6.88159
Tip61	42	6.16092	-0.971945	-8.82861
Tip61	43	6.24483	-1.2296	-7.94665
Tip61	44	4.72201	-1.03223	-7.42019
Tip61	45	6.57001	-1.01575	-8.82329
Tip61	46	5.29807	-1.07513	-7.17899
Tip61	47	5.45038	-1.36154	-8.14092
Tip61	48	6.05555	-1.3637	-8.10729
Tip61	49	5.22293	-1.18899	-7.36087
Tip61	50	5.50819	-1.39598	-7.83438
Tip109	1	6.56919	0.873137	-7.72289
Tip109	2	6.11083	0.660977	-7.64003
Tip109	3	6.66056	1.08866	-7.85041
Tip109	4	6.42209	0.494108	-7.41127
Tip109	5	6.51055	0.620976	-7.91672
Tip109	6	7.0543	0.945275	-7.69068
Tip109	7	5.09035	0.214592	-7.01427
Tip109	8	6.70308	0.920219	-8.05597
Tip109	9	6.77529	0.265326	-7.46278
Tip109	10	5.77205	0.123509	-7.62251
Tip109	11	7.09728	0.898857	-8.09356
Tip109	12	5.16174	0.0341854	-6.8797
Tip109	13	6.64349	0.508015	-8.14121
Tip109	14	7.29258	0.611192	-7.53164
Tip109	15	4.55999	0.0112239	-6.9546
Tip109	16	6.94053	0.539491	-8.47311
Tip109	17	5.98061	-0.131983	-7.10902
Tip109	18	5.91819	-0.130605	-7.87315
Tip109	19	7.54087	0.517369	-7.89011
Tip109	20	4.61181	-0.123072	-6.59384
Tip109	21	6.82401	0.305329	-8.40891
Tip109	22	6.98343	-0.0598094	-7.55558
Tip109	23	4.6276	-0.278163	-7.0422
Tip109	24	7.37134	0.380446	-8.22899
Tip109	25	5.209	-0.336796	-6.63883
Tip109	26	6.26017	-0.302809	-8.12713
Tip109	27	7.57061	0.244428	-7.7472
Tip109	28	4.50159	-0.344307	-6.62995
Tip109	29	7.04629	0.0463545	-8.54093
Tip109	30	6.28377	-0.416209	-7.19333
Tip109	31	5.11072	-0.663619	-7.33919
Tip109	32	7.51165	-0.0826525	-8.21644
Tip109	33	4.9053	-0.53696	-6.43173
Tip109	34	6.44741	-0.439008	-8.45037
Tip109	35	7.17881	-0.421449	-7.83326
Tip109	36	4.59058	-0.677817	-6.7536
Tip109	37	7.09357	-0.396504	-8.53688
Tip109	38	5.74442	-0.55258	-6.71912
Tip109	39	5.39078	-0.976681	-7.68045
Tip109	40	7.2288	-0.53795	-8.14418
Tip109	41	4.92587	-0.803593	-6.42212
Tip109	42	6.39093	-0.803845	-8.36606
Tip109	43	6.4845	-1.05371	-7.49764
Tip109	44	5.00302	-0.981778	-6.96275
Tip109	45	6.77802	-0.831532	-8.37416
Tip109	46	5.57495	-0.99352	-6.73913
Tip109	47	5.71778	-1.27726	-7.70096
Tip109	48	6.3001	-1.2022	-7.64859
Tip109	49	5.5006	-1.12474	-6.91478
Tip109	50	5.77364	-1.30745	-7.39532
Tip65	1	2.57197	-3.3319	-7.96104
Tip65	2	2.15755	-3.53093	-7.90438
Tip65	3	2.76909	-3.02887	-8.1556
Tip65	4	2.47917	-3.7328	-7.5317
Tip65	5	2.43795	-3.59369	-8.06731
Tip65	6	3.20321	-3.16216	-7.93017
Tip65	7	1.59151	-3.60256	-7.31369
Tip65	8	2.73835	-3.19134	-8.29501
Tip65	9	2.80193	-3.90165	-7.46513
Tip65	10	1.86185	-3.98261	-7.81128
Tip65	11	3.26244	-3.13786	-8.2998
Tip65	12	1.67719	-3.79893	-7.15416
Tip65	13	2.55757	-3.64984	-8.22641
Tip65	14	3.45198	-3.41179	-7.6691
Tip65	15	1.25394	-3.71441	-7.23555
Tip65	16	3.00728	-3.433	-8.48914
Tip65	17	2.201	-4.23374	-7.12291
Tip65	18	1.99118	-4.21377	-7.93398
Tip65	19	3.78318	-3.34444	-8.07847
Tip65	20	1.36319	-3.81943	-6.87646
Tip65	21	2.80048	-3.7167	-8.36984
Tip65	22	3.07028	-4.09048	-7.45631
Tip65	23	1.30253	-4.05758	-7.28875
Tip65	24	3.55882	-3.48856	-8.31169
Tip65	25	1.79936	-4.24153	-6.79588
Tip65	26	2.3197	-4.38141	-8.05185
Tip65	27	3.81772	-3.62758	-7.8337
Tip65	28	1.27419	-4.05605	-6.87327
Tip65	29	3.17527	-3.8307	-8.45275
Tip65	30	2.53284	-4.45246	-7.09808
Tip65	31	1.6214	-4.52779	-7.4233
Tip65	32	3.77477	-3.83674	-8.15104
Tip65	33	1.66989	-4.38352	-6.61208
Tip65	34	2.58557	-4.42407	-8.29679
Tip65	35	3.42598	-4.25963	-7.61738
Tip65	36	1.37432	-4.47232	-6.94482
Tip65	37	3.34267	-4.16688	-8.35315
Tip65	38	2.18508	-4.55549	-6.7057
Tip65	39	1.87218	-4.81554	-7.64614
Tip65	40	3.50319	-4.28753	-7.95477
Tip65	41	1.69725	-4.6303	-6.55305
Tip65	42	2.63985	-4.69439	-8.21219
Tip65	43	2.79739	-4.87411	-7.27919
Tip65	44	1.68687	-4.85254	-6.98792
Tip65	45	3.03093	-4.63422	-8.1154
Tip65	46	2.15508	-4.88849	-6.70973
Tip65	47	2.19169	-5.08139	-7.61229
Tip65	48	2.65964	-5.004	-7.49288
Tip65	49	2.08252	-4.97576	-6.86834
Tip65	50	2.28847	-5.08704	-7.25725
Tip111	1	1.86925	-2.76821	-7.69748
Tip111	2	1.44341	-2.94572	-7.64767
Tip111	3	2.07644	-2.49668	-7.9058
Tip111	4	1.80316	-3.15185	-7.30347
Tip111	5	1.74075	-3.00489	-7.81454
Tip111	6	2.49194	-2.64768	-7.69411
Tip111	7	0.858222	-3.0725	-7.10556
Tip111	8	2.05424	-2.65378	-8.04632
Tip111	9	2.15951	-3.34802	-7.24277
Tip111	10	1.1801	-3.37577	-7.58543
Tip111	11	2.59366	-2.62311	-8.099
Tip111	12	0.9242	-3.29319	-6.95512
Tip111	13	1.8886	-3.06182	-7.99881
Tip111	14	2.78026	-2.90461	-7.46148
Tip111	15	0.484505	-3.20724	-7.03337
Tip111	16	2.37636	-2.91872	-8.27741
Tip111	17	1.50492	-3.74146	-6.89375
Tip111	18	1.32441	-3.61074	-7.71595
Tip111	19	3.11906	-2.84865	-7.91825
Tip111	20	0.571436	-3.35451	-6.67436
Tip111	21	2.16855	-3.18148	-8.14185
Tip111	22	2.4719	-3.55412	-7.23816
Tip111	23	0.530767	-3.54529	-7.08823
Tip111	24	2.90976	-2.976	-8.14838
Tip111	25	1.03743	-3.81648	-6.62008
Tip111	26	1.67159	-3.82344	-7.82506
Tip111	27	3.17555	-3.13472	-7.65459
Tip111	28	0.483983	-3.59614	-6.6928
Tip111	29	2.57318	-3.30895	-8.26306
Tip111	30	1.87273	-3.97484	-6.87926
Tip111	31	0.895306	-4.02398	-7.22765
Tip111	32	3.1516	-3.33642	-7.98159
Tip111	33	0.911349	-3.97631	-6.45908
Tip111	34	1.96909	-3.86555	-8.08092
Tip111	35	2.82717	-3.73562	-7.41076
Tip111	36	0.59886	-4.02727	-6.7738
Tip111	37	2.76811	-3.63457	-8.1683
Tip111	38	1.4873	-4.12148	-6.50933
Tip111	39	1.1983	-4.31447	-7.44402
Tip111	40	2.91713	-3.76208	-7.77192
Tip111	41	0.967951	-4.24236	-6.38569
Tip111	42	2.0326	-4.15159	-8.00191
Tip111	43	2.18363	-4.40301	-7.07051
Tip111	44	0.972029	-4.43183	-6.80599
Tip111	45	2.45722	-4.08791	-7.91783
Tip111	46	1.48437	-4.45964	-6.51386
Tip111	47	1.55036	-4.59222	-7.42357
Tip111	48	2.0308	-4.5238	-7.28649
Tip111	49	1.42401	-4.54781	-6.67657
Tip111	50	1.64228	-4.63226	-7.05047
Tip27	1	2.91127	-0.486605	-7.67357
Tip27	2	2.43517	-0.620983	-7.68847
Tip27	3	3.07556	-0.264481	-7.82827
Tip27	4	2.74858	-0.806053	-7.42343
Tip27	5	2.77361	-0.684756	-7.79701
Tip27	6	3.47451	-0.395539	-7.59676
Tip27	7	1.63498	-0.824875	-7.40285
Tip27	8	3.04324	-0.409121	-7.96468
Tip27	9	3.06261	-0.988571	-7.35758
Tip27	10	2.08194	-1.02301	-7.79496
Tip27	11	3.55166	-0.409086	-7.96222
Tip27	12	1.68553	-0.998464	-7.31456
Tip27	13	2.89775	-0.759901	-7.936
Tip27	14	3.72804	-0.653671	-7.40719
Tip27	15	1.23209	-0.969818	-7.40568
Tip27	16	3.29447	-0.689208	-8.18473
Tip27	17	2.33067	-1.27025	-7.29805
Tip27	18	2.18984	-1.22235	-7.95792
Tip27	19	4.06159	-0.688459	-7.77799
Tip27	20	1.30316	-1.08855	-7.07581
Tip27	21	3.11133	-0.905519	-8.09465
Tip27	22	3.34309	-1.21561	-7.35132
Tip27	23	1.25388	-1.25782	-7.52122
Tip27	24	3.84404	-0.802575	-8.01629
Tip27	25	1.76843	-1.39025	-7.08439
Tip27	26	2.52459	-1.37272	-8.0538
Tip27	27	4.10716	-0.945009	-7.58262
Tip27	28	1.21667	-1.30883	-7.1514
Tip27	29	3.45527	-1.08936	-8.22168
Tip27	30	2.64391	-1.51878	-7.25549
Tip27	31	1.61371	-1.63041	-7.70262
Tip27	32	4.07525	-1.16594	-7.91436
Tip27	33	1.61454	-1.573	-6.93535
Tip27	34	2.78595	-1.49804	-8.24213
Tip27	35	3.69625	-1.49068	-7.50793
Tip27	36	1.30545	-1.67145	-7.27122
Tip27	37	3.61455	-1.42339	-8.19669
Tip27	38	2.21798	-1.62901	-7.01064
Tip27	39	1.87025	-1.84663	-7.89349
Tip27	40	3.78973	-1.54721	-7.81773
Tip27	41	1.62441	-1.81431	-6.89815
Tip27	42	2.77225	-1.77089	-8.22193
Tip27	43	2.9122	-1.98042	-7.45022
Tip27	44	1.63316	-1.95417	-7.36771
Tip27	45	3.23521	-1.81005	-8.09933
Tip27	46	2.15984	-1.9758	-7.06414
Tip27	47	2.19359	-2.10655	-7.87842
Tip27	48	2.72696	-2.07022	-7.67139
Tip27	49	2.08806	-2.04894	-7.24216
Tip27	50	2.30487	-2.14156	-7.53901
Tip26	1	2.81674	-0.856694	-8.28003
Tip26	2	2.31035	-1.00929	-8.2964
Tip26	3	2.99494	-0.617738	-8.42021
Tip26	4	2.61338	-1.21178	-8.03036
Tip26	5	2.66232	-1.07258	-8.43984
Tip26	6	3.36035	-0.769729	-8.21737
Tip26	7	1.45252	-1.17432	-7.85097
Tip26	8	2.97238	-0.777026	-8.57086
Tip26	9	2.95257	-1.41252	-7.99887
Tip26	10	1.90518	-1.43305	-8.35961
Tip26	11	3.44958	-0.771322	-8.58149
Tip26	12	1.49462	-1.3624	-7.75515
Tip26	13	2.79269	-1.15417	-8.59653
Tip26	14	3.58075	-1.05969	-8.04578
Tip26	15	1.05097	-1.31593	-7.79302
Tip26	16	3.19146	-1.06005	-8.83651
Tip26	17	2.1569	-1.73744	-7.83473
Tip26	18	2.02281	-1.66011	-8.56014
Tip26	19	3.89724	-1.07306	-8.43009
Tip26	20	1.1072	-1.43801	-7.43448
Tip26	21	2.99692	-1.29386	-8.78111
Tip26	22	3.22945	-1.66565	-8.01032
Tip26	23	1.05164	-1.6304	-7.90879
Tip26	24	3.68354	-1.18187	-8.68132
Tip26	25	1.54364	-1.81062	-7.489
Tip26	26	2.37483	-1.82961	-8.70662
Tip26	27	3.93871	-1.33838	-8.24706
Tip26	28	1.00389	-1.66901	-7.48322
Tip26	29	3.31241	-1.4589	-8.90528
Tip26	30	2.48794	-2.0268	-7.8069
Tip26	31	1.38427	-2.08534	-8.16791
Tip26	32	3.9021	-1.57826	-8.61234
Tip26	33	1.36548	-1.99503	-7.29857
Tip26	34	2.6239	-1.93449	-8.91644
Tip26	35	3.56208	-1.94696	-8.20685
Tip26	36	1.06468	-2.08215	-7.63275
Tip26	37	3.45732	-1.83627	-8.91887
Tip26	38	2.00298	-2.14859	-7.47288
Tip26	39	1.65936	-2.36538	-8.3869
Tip26	40	3.6389	-2.00085	-8.54012
Tip26	41	1.38693	-2.27775	-7.27105
Tip26	42	2.60605	-2.23611	-8.86676
Tip26	43	2.76146	-2.50885	-8.01884
Tip26	44	1.39403	-2.47588	-7.78419
Tip26	45	3.07875	-2.26927	-8.7836
Tip26	46	1.92382	-2.55811	-7.49893
Tip26	47	1.99722	-2.66921	-8.38394
Tip26	48	2.57372	-2.63254	-8.24769
Tip26	49	1.85186	-2.65495	-7.68462
Tip26	50	2.11297	-2.7462	-8.0389
Tip30	1	2.36836	-0.438643	-8.71768
Tip30	2	1.85196	-0.599491	-8.68079
Tip30	3	2.56709	-0.197013	-8.88377
Tip30	4	2.12247	-0.782387	-8.44149
Tip30	5	2.2139	-0.636028	-8.86218
Tip30	6	2.91915	-0.347932	-8.71513
Tip30	7	0.969596	-0.781431	-8.11269
Tip30	8	2.54896	-0.347508	-9.03657
Tip30	9	2.43354	-0.979346	-8.43724
Tip30	10	1.4416	-1.02294	-8.69907
Tip30	11	3.03643	-0.340459	-9.07796
Tip30	12	1.00372	-0.977168	-8.01483
Tip30	13	2.34448	-0.694304	-9.03879
Tip30	14	3.09865	-0.64356	-8.5529
Tip30	15	0.613999	-0.925179	-8.02047
Tip30	16	2.77584	-0.607588	-9.31299
Tip30	17	1.61586	-1.32925	-8.18353
Tip30	18	1.55105	-1.27018	-8.94132
Tip30	19	3.46286	-0.640002	-8.92446
Tip30	20	0.649122	-1.04789	-7.66117
Tip30	21	2.56216	-0.825688	-9.23456
Tip30	22	2.69623	-1.22522	-8.43708
Tip30	23	0.59868	-1.24227	-8.14697
Tip30	24	3.28648	-0.743572	-9.1854
Tip30	25	1.03745	-1.44145	-7.75432
Tip30	26	1.87093	-1.43455	-9.14104
Tip30	27	3.49036	-0.911744	-8.74218
Tip30	28	0.53671	-1.28472	-7.70318
Tip30	29	2.89533	-1.00323	-9.38177
Tip30	30	1.90778	-1.61079	-8.17059
Tip30	31	0.886641	-1.68714	-8.47736
Tip30	32	3.48095	-1.14485	-9.09732
Tip30	33	0.849831	-1.61862	-7.55262
Tip30	34	2.12758	-1.52208	-9.37564
Tip30	35	3.05898	-1.51562	-8.62416
Tip30	36	0.578616	-1.69857	-7.87929
Tip30	37	3.01041	-1.3856	-9.36614
Tip30	38	1.44821	-1.77326	-7.78844
Tip30	39	1.14688	-1.95356	-8.76468
Tip30	40	3.16286	-1.56668	-8.97637
Tip30	41	0.85484	-1.9173	-7.53794
Tip30	42	2.09576	-1.83252	-9.3106
Tip30	43	2.18957	-2.10197	-8.40199
Tip30	44	0.865248	-2.09922	-8.06722
Tip30	45	2.57585	-1.84446	-9.19227
Tip30	46	1.35888	-2.17187	-7.82233
Tip30	47	1.45187	-2.26655	-8.78578
Tip30	48	2.00156	-2.21887	-8.63275
Tip30	49	1.28489	-2.2661	-8.00653
Tip30	50	1.53286	-2.34555	-8.40952
Tip29	1	2.10759	1.46411	-9.55877
Tip29	2	1.70068	1.20039	-9.4491
Tip29	3	2.27827	1.76787	-9.70191
Tip29	4	1.97138	0.948154	-9.26291
Tip29	5	1.93021	1.24971	-9.72203
Tip29	6	2.62777	1.57946	-9.59062
Tip29	7	1.13172	0.826736	-8.70758
Tip29	8	2.23975	1.63107	-9.87603
Tip29	9	2.22082	0.680505	-9.37222
Tip29	10	1.44531	0.6244	-9.45054
Tip29	11	2.68188	1.61912	-9.93284
Tip29	12	1.19335	0.60607	-8.6293
Tip29	13	2.02943	1.17893	-9.91508
Tip29	14	2.783	1.15284	-9.47726
Tip29	15	0.80685	0.594277	-8.57488
Tip29	16	2.36817	1.28738	-10.1844
Tip29	17	1.69024	0.16612	-8.99824
Tip29	18	1.50409	0.374207	-9.73337
Tip29	19	3.05954	1.1772	-9.86033
Tip29	20	0.860127	0.404598	-8.25027
Tip29	21	2.19455	1.01203	-10.1171
Tip29	22	2.42373	0.365339	-9.45089
Tip29	23	0.793218	0.231695	-8.78529
Tip29	24	2.83364	1.09861	-10.0976
Tip29	25	1.21008	-0.00407097	-8.47102
Tip29	26	1.74299	0.146425	-9.96457
Tip29	27	3.05462	0.779505	-9.71236
Tip29	28	0.737303	0.153273	-8.33401
Tip29	29	2.43435	0.749706	-10.2931
Tip29	30	1.96108	-0.196272	-9.03436
Tip29	31	1.0632	-0.257224	-9.18349
Tip29	32	2.99523	0.503823	-10.0669
Tip29	33	1.05718	-0.220131	-8.2803
Tip29	34	1.93036	0.0246688	-10.2077
Tip29	35	2.69935	0.00796012	-9.66427
Tip29	36	0.767237	-0.311638	-8.59977
Tip29	37	2.58645	0.179031	-10.2933
Tip29	38	1.6393	-0.39747	-8.65512
Tip29	39	1.26424	-0.585436	-9.47545
Tip29	40	2.75105	-0.0691006	-9.95284
Tip29	41	1.08272	-0.553323	-8.33646
Tip29	42	2.00301	-0.381978	-10.1226
Tip29	43	2.21553	-0.723035	-9.30717
Tip29	44	1.09688	-0.76366	-8.85162
Tip29	45	2.37597	-0.401637	-10.0968
Tip29	46	1.58983	-0.881584	-8.71198
Tip29	47	1.56389	-0.964502	-9.54327
Tip29	48	2.06405	-0.901912	-9.51134
Tip29	49	1.51462	-1.01372	-8.87153
Tip29	50	1.71216	-1.08366	-9.24007
Tip84	1	5.13008	1.38964	-10.3672
Tip84	2	4.79522	1.14361	-10.2077
Tip84	3	5.22738	1.60361	-10.5797
Tip84	4	5.04898	0.942135	-10.0206
Tip84	5	5.01521	1.17327	-10.5081
Tip84	6	5.56199	1.44707	-10.4296
Tip84	7	4.16391	0.768224	-9.39182
Tip84	8	5.20094	1.47613	-10.7632
Tip84	9	5.31831	0.659762	-10.1121
Tip84	10	4.56676	0.599679	-10.1736
Tip84	11	5.55086	1.44351	-10.8225
Tip84	12	4.25059	0.543628	-9.28886
Tip84	13	5.0877	1.12002	-10.7402
Tip84	14	5.7408	1.05251	-10.3004
Tip84	15	3.76081	0.52178	-9.21748
Tip84	16	5.32217	1.1998	-11.0957
Tip84	17	4.79623	0.159082	-9.66897
Tip84	18	4.64115	0.373312	-10.4441
Tip84	19	5.88079	1.03862	-10.7425
Tip84	20	3.73918	0.348896	-8.84372
Tip84	21	5.20246	0.960214	-10.995
Tip84	22	5.52836	0.315695	-10.189
Tip84	23	3.77962	0.165216	-9.37925
Tip84	24	5.68958	0.977977	-11.0006
Tip84	25	4.19044	-0.120206	-9.0418
Tip84	26	4.88663	0.146634	-10.7391
Tip84	27	5.97997	0.668065	-10.553
Tip84	28	3.60089	0.0838828	-8.89042
Tip84	29	5.41533	0.693554	-11.1899
Tip84	30	4.97152	-0.277985	-9.72352
Tip84	31	4.07755	-0.294585	-9.85834
Tip84	32	5.92217	0.404661	-10.9249
Tip84	33	3.8883	-0.358723	-8.81206
Tip84	34	5.04146	0.0414825	-11.0322
Tip84	35	5.76144	-0.0848923	-10.4414
Tip84	36	3.60193	-0.423516	-9.15136
Tip84	37	5.60039	0.127401	-11.1393
Tip84	38	4.51985	-0.56813	-9.21038
Tip84	39	4.26981	-0.653629	-10.1971
Tip84	40	5.78036	-0.158541	-10.756
Tip84	41	3.83469	-0.738815	-8.82864
Tip84	42	5.07678	-0.441588	-10.9546
Tip84	43	5.13785	-0.864844	-10.0158
Tip84	44	3.9567	-0.916947	-9.44318
Tip84	45	5.39772	-0.475318	-10.9254
Tip84	46	4.39018	-1.07066	-9.27474
Tip84	47	4.47896	-1.07169	-10.2441
Tip84	48	4.97128	-1.03818	-10.2148
Tip84	49	4.33228	-1.21003	-9.47021
Tip84	50	4.59647	-1.23999	-9.90644
Tip52	1	3.33499	0.233222	-9.86333
Tip52	2	2.95792	-0.0159692	-9.64346
Tip52	3	3.47591	0.479667	-10.1133
Tip52	4	3.19016	-0.247198	-9.43649
Tip52	5	3.19624	-0.0107364	-9.97397
Tip52	6	3.79033	0.278252	-9.99612
Tip52	7	2.36574	-0.280307	-8.81277
Tip52	8	3.43739	0.32799	-10.2924
Tip52	9	3.43991	-0.533703	-9.51554
Tip52	10	2.67403	-0.551127	-9.55738
Tip52	11	3.82331	0.280612	-10.4148
Tip52	12	2.43624	-0.489553	-8.6928
Tip52	13	3.28448	-0.0786059	-10.2378
Tip52	14	3.95768	-0.132509	-9.82135
Tip52	15	2.01455	-0.454608	-8.65547
Tip52	16	3.58042	0.0183542	-10.674
Tip52	17	2.8968	-0.918618	-9.01579
Tip52	18	2.74946	-0.788134	-9.82937
Tip52	19	4.14361	-0.152735	-10.3181
Tip52	20	2.0425	-0.606553	-8.27973
Tip52	21	3.42009	-0.251607	-10.531
Tip52	22	3.63779	-0.865253	-9.60821
Tip52	23	1.99043	-0.80804	-8.82604
Tip52	24	3.97291	-0.24372	-10.5917
Tip52	25	2.40621	-1.07601	-8.4648
Tip52	26	2.99022	-1.02558	-10.1592
Tip52	27	4.2042	-0.531697	-10.0926
Tip52	28	1.9034	-0.857116	-8.34219
Tip52	29	3.67392	-0.529331	-10.7473
Tip52	30	3.07793	-1.30791	-9.0928
Tip52	31	2.19682	-1.25415	-9.27284
Tip52	32	4.14679	-0.810224	-10.4788
Tip52	33	2.18514	-1.24971	-8.28271
Tip52	34	3.159	-1.12199	-10.4726
Tip52	35	3.90191	-1.23668	-9.87207
Tip52	36	1.85816	-1.31341	-8.62358
Tip52	37	3.76701	-1.07225	-10.6428
Tip52	38	2.6941	-1.47299	-8.64097
Tip52	39	2.37535	-1.59735	-9.6565
Tip52	40	3.93613	-1.31829	-10.2107
Tip52	41	2.13875	-1.56649	-8.32401
Tip52	42	3.1774	-1.52796	-10.3889
Tip52	43	3.27779	-1.81816	-9.44805
Tip52	44	2.1274	-1.74364	-8.92798
Tip52	45	3.52958	-1.57298	-10.3717
Tip52	46	2.59373	-1.89374	-8.74707
Tip52	47	2.60058	-1.96706	-9.72929
Tip52	48	3.11351	-1.96913	-9.67136
Tip52	49	2.5193	-2.01907	-8.94799
Tip52	50	2.74724	-2.09425	-9.39939
Tip6	1	2.58121	1.27887	-10.6036
Tip6	2	2.18997	0.979155	-10.3984
Tip6	3	2.76294	1.52444	-10.8155
Tip6	4	2.4164	0.732111	-10.1937
Tip6	5	2.44791	1.03398	-10.7272
Tip6	6	3.10623	1.36231	-10.6642
Tip6	7	1.49378	0.600253	-9.5283
Tip6	8	2.75765	1.39814	-11.0037
Tip6	9	2.75346	0.463229	-10.2605
Tip6	10	1.92961	0.373789	-10.3505
Tip6	11	3.17747	1.41659	-11.0847
Tip6	12	1.57336	0.389943	-9.39983
Tip6	13	2.57441	0.995271	-10.9786
Tip6	14	3.3173	0.953636	-10.4872
Tip6	15	1.1423	0.372452	-9.34159
Tip6	16	2.91118	1.14419	-11.371
Tip6	17	2.1706	0.00593869	-9.80591
Tip6	18	2.03787	0.145467	-10.6607
Tip6	19	3.52958	1.01037	-10.9488
Tip6	20	1.20045	0.190051	-8.9533
Tip6	21	2.73247	0.858162	-11.2452
Tip6	22	3.00431	0.142508	-10.3608
Tip6	23	1.16006	0.0245604	-9.53837
Tip6	24	3.33109	0.92461	-11.2569
Tip6	25	1.60424	-0.230121	-9.18073
Tip6	26	2.33334	-0.08623	-10.9817
Tip6	27	3.60117	0.578887	-10.7465
Tip6	28	1.06495	-0.0850195	-9.02131
Tip6	29	3.0287	0.587899	-11.4415
Tip6	30	2.42179	-0.395606	-9.87369
Tip6	31	1.48601	-0.412579	-10.0655
Tip6	32	3.54782	0.28744	-11.1715
Tip6	33	1.39502	-0.474725	-8.97636
Tip6	34	2.55092	-0.173733	-11.2773
Tip6	35	3.30647	-0.233921	-10.6228
Tip6	36	1.09699	-0.551291	-9.3214
Tip6	37	3.20732	-0.0376939	-11.3861
Tip6	38	2.01925	-0.658491	-9.36241
Tip6	39	1.75223	-0.757682	-10.4447
Tip6	40	3.37798	-0.305856	-10.9758
Tip6	41	1.43174	-0.846609	-9.02026
Tip6	42	2.61825	-0.63842	-11.1889
Tip6	43	2.73889	-0.994846	-10.1697
Tip6	44	1.50412	-0.959999	-9.66872
Tip6	45	2.98148	-0.651027	-11.1489
Tip6	46	1.98452	-1.12469	-9.48601
Tip6	47	2.04982	-1.14842	-10.4717
Tip6	48	2.58992	-1.16838	-10.3949
Tip6	49	1.94077	-1.2382	-9.70319
Tip6	50	2.20778	-1.28929	-10.1206
Paranthropus_robustus	1	2.81003	1.51099	-9.04636
Paranthropus_robustus	2	2.40682	1.25819	-8.78311
Paranthropus_robustus	3	2.97457	1.72142	-9.32044
Paranthropus_robustus	4	2.65183	1.02764	-8.56863
Paranthropus_robustus	5	2.67235	1.30119	-9.12405
Paranthropus_robustus	6	3.3204	1.56623	-9.16696
Paranthropus_robustus	7	1.64234	0.8321	-7.94353
Paranthropus_robustus	8	2.95596	1.6041	-9.50623
Paranthropus_robustus	9	2.98901	0.760241	-8.64977
Paranthropus_robustus	10	2.14859	0.708291	-8.66696
Paranthropus_robustus	11	3.38086	1.59483	-9.59542
Paranthropus_robustus	12	1.71204	0.633774	-7.81397
Paranthropus_robustus	13	2.80442	1.24878	-9.40482
Paranthropus_robustus	14	3.56539	1.16804	-8.97838
Paranthropus_robustus	15	1.26827	0.593507	-7.80668
Paranthropus_robustus	16	3.1495	1.35197	-9.87299
Paranthropus_robustus	17	2.38683	0.305591	-8.13456
Paranthropus_robustus	18	2.26384	0.499469	-8.95629
Paranthropus_robustus	19	3.77468	1.17794	-9.48502
Paranthropus_robustus	20	1.32311	0.424004	-7.45584
Paranthropus_robustus	21	2.98711	1.10483	-9.695
Paranthropus_robustus	22	3.23123	0.443864	-8.75536
Paranthropus_robustus	23	1.29493	0.288295	-7.98353
Paranthropus_robustus	24	3.59637	1.10444	-9.78964
Paranthropus_robustus	25	1.75721	0.0377841	-7.63452
Paranthropus_robustus	26	2.53217	0.253354	-9.29267
Paranthropus_robustus	27	3.87515	0.780119	-9.25971
Paranthropus_robustus	28	1.18553	0.178495	-7.52479
Paranthropus_robustus	29	3.29838	0.821644	-9.93922
Paranthropus_robustus	30	2.62978	-0.0814528	-8.21386
Paranthropus_robustus	31	1.65192	-0.0992567	-8.41323
Paranthropus_robustus	32	3.81342	0.514314	-9.68849
Paranthropus_robustus	33	1.52216	-0.193511	-7.4544
Paranthropus_robustus	34	2.75027	0.135868	-9.63079
Paranthropus_robustus	35	3.53912	0.0591292	-9.02163
Paranthropus_robustus	36	1.2247	-0.250107	-7.78995
Paranthropus_robustus	37	3.41931	0.239148	-9.8374
Paranthropus_robustus	38	2.17603	-0.368459	-7.78511
Paranthropus_robustus	39	1.92191	-0.44265	-8.74571
Paranthropus_robustus	40	3.59481	-0.0305729	-9.41719
Paranthropus_robustus	41	1.54521	-0.553848	-7.49091
Paranthropus_robustus	42	2.77411	-0.341609	-9.53842
Paranthropus_robustus	43	2.89413	-0.699902	-8.55105
Paranthropus_robustus	44	1.62424	-0.679585	-8.06315
Paranthropus_robustus	45	3.1686	-0.369837	-9.54589
Paranthropus_robustus	46	2.10715	-0.859427	-7.89325
Paranthropus_robustus	47	2.17988	-0.887438	-8.81281
Paranthropus_robustus	48	2.71926	-0.88845	-8.77439
Paranthropus_robustus	49	2.05492	-0.988777	-8.09572
Paranthropus_robustus	50	2.32468	-1.03874	-8.49804
Tip18	1	3.09166	1.04115	-10.4241
Tip18	2	2.64158	0.768784	-10.2197
Tip18	3	3.26716	1.26635	-10.6571
Tip18	4	2.88069	0.516894	-10.028
Tip18	5	2.93908	0.817629	-10.5425
Tip18	6	3.63046	1.08991	-10.5269
Tip18	7	1.80292	0.333886	-9.39418
Tip18	8	3.25774	1.14112	-10.8484
Tip18	9	3.2277	0.22108	-10.1116
Tip18	10	2.33122	0.16906	-10.1975
Tip18	11	3.7039	1.11117	-10.9323
Tip18	12	1.86349	0.107578	-9.28409
Tip18	13	3.09112	0.766904	-10.812
Tip18	14	3.84678	0.6472	-10.355
Tip18	15	1.39875	0.0787038	-9.2398
Tip18	16	3.46808	0.856748	-11.2319
Tip18	17	2.52106	-0.268647	-9.66606
Tip18	18	2.46827	-0.055865	-10.4988
Tip18	19	4.08168	0.644686	-10.8303
Tip18	20	1.43373	-0.100154	-8.87347
Tip18	21	3.29029	0.592208	-11.0937
Tip18	22	3.45965	-0.127304	-10.2175
Tip18	23	1.41697	-0.258578	-9.45616
Tip18	24	3.89423	0.574762	-11.1363
Tip18	25	1.86506	-0.542557	-9.12495
Tip18	26	2.77	-0.297228	-10.8076
Tip18	27	4.14443	0.230612	-10.61
Tip18	28	1.28421	-0.365248	-8.95108
Tip18	29	3.59574	0.273032	-11.3143
Tip18	30	2.76144	-0.663089	-9.7448
Tip18	31	1.78552	-0.676497	-9.94395
Tip18	32	4.09518	-0.0632625	-11.0505
Tip18	33	1.61866	-0.774236	-8.92528
Tip18	34	3.00348	-0.418377	-11.1143
Tip18	35	3.76124	-0.529002	-10.4474
Tip18	36	1.31193	-0.82375	-9.25565
Tip18	37	3.70184	-0.342798	-11.2452
Tip18	38	2.27921	-0.966689	-9.29757
Tip18	39	2.06579	-1.00104	-10.2814
Tip18	40	3.84233	-0.624583	-10.8169
Tip18	41	1.6301	-1.14191	-8.9606
Tip18	42	3.00864	-0.914197	-11.0113
Tip18	43	3.04557	-1.28005	-10.0169
Tip18	44	1.71804	-1.26741	-9.56175
Tip18	45	3.39954	-0.937963	-10.9736
Tip18	46	2.2026	-1.44503	-9.3738
Tip18	47	2.34168	-1.43918	-10.3098
Tip18	48	2.8873	-1.45722	-10.2423
Tip18	49	2.16295	-1.56203	-9.56536
Tip18	50	2.47551	-1.59582	-9.97385
Tip2	1	3.62701	-0.376292	-8.71745
Tip2	2	3.29353	-0.765617	-8.45715
Tip2	3	3.7982	-0.0809941	-8.98894
Tip2	4	3.56575	-1.05136	-8.1778
Tip2	5	3.51076	-0.662093	-8.80043
Tip2	6	4.14648	-0.272332	-8.83657
Tip2	7	2.77656	-1.35299	-7.5973
Tip2	8	3.75075	-0.23606	-9.16649
Tip2	9	3.90902	-1.35417	-8.20483
Tip2	10	3.08329	-1.512	-8.27493
Tip2	11	4.17986	-0.217788	-9.24733
Tip2	12	2.87351	-1.62267	-7.46798
Tip2	13	3.61803	-0.694051	-9.0573
Tip2	14	4.43708	-0.75979	-8.61949
Tip2	15	2.44684	-1.66881	-7.51419
Tip2	16	3.89537	-0.497846	-9.49293
Tip2	17	3.42041	-2.02607	-7.69877
Tip2	18	3.14908	-1.74544	-8.56925
Tip2	19	4.61175	-0.690816	-9.10998
Tip2	20	2.499	-1.85967	-7.14313
Tip2	21	3.75995	-0.836371	-9.3004
Tip2	22	4.13487	-1.71807	-8.28564
Tip2	23	2.43094	-2.03418	-7.69517
Tip2	24	4.35681	-0.757218	-9.37217
Tip2	25	2.90553	-2.35543	-7.31922
Tip2	26	3.36857	-1.95209	-8.85616
Tip2	27	4.74959	-1.15221	-8.86086
Tip2	28	2.33391	-2.13549	-7.23456
Tip2	29	4.07127	-1.1532	-9.49502
Tip2	30	3.57387	-2.45578	-7.79211
Tip2	31	2.71245	-2.50866	-8.09776
Tip2	32	4.62832	-1.42222	-9.23923
Tip2	33	2.66364	-2.58387	-7.16296
Tip2	34	3.5686	-2.00706	-9.20443
Tip2	35	4.38429	-2.06425	-8.5901
Tip2	36	2.36146	-2.64623	-7.50525
Tip2	37	4.24581	-1.76451	-9.44158
Tip2	38	3.21506	-2.81577	-7.46559
Tip2	39	2.92742	-2.83969	-8.38197
Tip2	40	4.44938	-2.0936	-8.98967
Tip2	41	2.65804	-2.96436	-7.2243
Tip2	42	3.64178	-2.48357	-9.12308
Tip2	43	3.78491	-3.01321	-8.1011
Tip2	44	2.69888	-3.11723	-7.75027
Tip2	45	3.99369	-2.4411	-9.12782
Tip2	46	3.09434	-3.28933	-7.54951
Tip2	47	3.17636	-3.24205	-8.4097
Tip2	48	3.65459	-3.19637	-8.33826
Tip2	49	3.04196	-3.39272	-7.72321
Tip2	50	3.29729	-3.41579	-8.0615
Tip10	1	4.64953	-0.615883	-8.62094
Tip10	2	4.3158	-0.909347	-8.35778
Tip10	3	4.79128	-0.344136	-8.92236
Tip10	4	4.58541	-1.16946	-8.09738
Tip10	5	4.55322	-0.878386	-8.71189
Tip10	6	5.15216	-0.509615	-8.78672
Tip10	7	3.77061	-1.42024	-7.53768
Tip10	8	4.74182	-0.491043	-9.1155
Tip10	9	4.95305	-1.42473	-8.14405
Tip10	10	4.13625	-1.58993	-8.20793
Tip10	11	5.15197	-0.463109	-9.21783
Tip10	12	3.88751	-1.66746	-7.39949
Tip10	13	4.66452	-0.924185	-8.99645
Tip10	14	5.45503	-0.929487	-8.56407
Tip10	15	3.45671	-1.70898	-7.4644
Tip10	16	4.90451	-0.739027	-9.47771
Tip10	17	4.4423	-2.04465	-7.67093
Tip10	18	4.20121	-1.81643	-8.50155
Tip10	19	5.57692	-0.86671	-9.07959
Tip10	20	3.51802	-1.87562	-7.09332
Tip10	21	4.80922	-1.04772	-9.26715
Tip10	22	5.15351	-1.76256	-8.28252
Tip10	23	3.46303	-2.07225	-7.62098
Tip10	24	5.35607	-0.953393	-9.35453
Tip10	25	3.92209	-2.37296	-7.25568
Tip10	26	4.41361	-2.01683	-8.84018
Tip10	27	5.70785	-1.25852	-8.83904
Tip10	28	3.33803	-2.14797	-7.17032
Tip10	29	5.08963	-1.30276	-9.48051
Tip10	30	4.5856	-2.45011	-7.78274
Tip10	31	3.73733	-2.55257	-8.00397
Tip10	32	5.60091	-1.48676	-9.23068
Tip10	33	3.65647	-2.60018	-7.10972
Tip10	34	4.59797	-2.06648	-9.20963
Tip10	35	5.36693	-2.07733	-8.60403
Tip10	36	3.35998	-2.66146	-7.40908
Tip10	37	5.24371	-1.8369	-9.43124
Tip10	38	4.22328	-2.84032	-7.43435
Tip10	39	3.90057	-2.87139	-8.33446
Tip10	40	5.41578	-2.11766	-8.99122
Tip10	41	3.6405	-2.96562	-7.1525
Tip10	42	4.64393	-2.50934	-9.15787
Tip10	43	4.74728	-2.98534	-8.12579
Tip10	44	3.69436	-3.13587	-7.67273
Tip10	45	4.97513	-2.47878	-9.17475
Tip10	46	4.10039	-3.27938	-7.50961
Tip10	47	4.10616	-3.23952	-8.40346
Tip10	48	4.59046	-3.17432	-8.36267
Tip10	49	4.0375	-3.38531	-7.68285
Tip10	50	4.24318	-3.41157	-8.05827
Tip143	1	2.09896	1.96994	-7.62902
Tip143	2	1.70578	1.76377	-7.32618
Tip143	3	2.30971	2.14486	-7.94726
Tip143	4	1.92549	1.54226	-7.09527
Tip143	5	1.9419	1.73538	-7.69579
Tip143	6	2.63591	1.93982	-7.85734
Tip143	7	1.13462	1.3561	-6.53247
Tip143	8	2.27301	1.99955	-8.1189
Tip143	9	2.26489	1.22606	-7.2209
Tip143	10	1.44047	1.18848	-7.17086
Tip143	11	2.6912	1.89534	-8.29105
Tip143	12	1.19222	1.11961	-6.41225
Tip143	13	2.08497	1.63537	-7.99695
Tip143	14	2.88058	1.47455	-7.68773
Tip143	15	0.830575	1.10456	-6.4263
Tip143	16	2.44674	1.64737	-8.53068
Tip143	17	1.6494	0.704251	-6.70576
Tip143	18	1.52153	0.878041	-7.51922
Tip143	19	3.05133	1.44714	-8.2364
Tip143	20	0.877962	0.878781	-6.10552
Tip143	21	2.25318	1.41241	-8.30395
Tip143	22	2.46451	0.794541	-7.39007
Tip143	23	0.81735	0.783881	-6.5921
Tip143	24	2.83945	1.36239	-8.47971
Tip143	25	1.21415	0.433936	-6.30596
Tip143	26	1.76434	0.558888	-7.89854
Tip143	27	3.16589	1.02277	-8.04464
Tip143	28	0.733729	0.627416	-6.17365
Tip143	29	2.57704	1.04621	-8.58427
Tip143	30	1.85694	0.199275	-6.905
Tip143	31	1.11759	0.227057	-7.08307
Tip143	32	3.12753	0.731995	-8.44845
Tip143	33	1.01658	0.146448	-6.17053
Tip143	34	2.04766	0.38982	-8.2785
Tip143	35	2.7401	0.284922	-7.79527
Tip143	36	0.7553	0.0780541	-6.45626
Tip143	37	2.76617	0.433118	-8.60863
Tip143	38	1.56164	-0.129514	-6.61382
Tip143	39	1.3596	-0.254237	-7.50956
Tip143	40	2.88098	0.15682	-8.23031
Tip143	41	1.05103	-0.288553	-6.30099
Tip143	42	2.12603	-0.125858	-8.3264
Tip143	43	2.13486	-0.497914	-7.41735
Tip143	44	1.13628	-0.478527	-6.87128
Tip143	45	2.47006	-0.130357	-8.37944
Tip143	46	1.54393	-0.699692	-6.78247
Tip143	47	1.61576	-0.766496	-7.68318
Tip143	48	2.04172	-0.712169	-7.68154
Tip143	49	1.51132	-0.849106	-6.97151
Tip143	50	1.72516	-0.934	-7.37742
Tip7	1	-0.249713	-0.530797	-9.81512
Tip7	2	-0.562661	-0.703369	-9.47023
Tip7	3	-0.0835463	-0.297396	-10.1852
Tip7	4	-0.346847	-0.975148	-9.25876
Tip7	5	-0.431581	-0.797586	-9.89678
Tip7	6	0.243888	-0.501336	-10.1303
Tip7	7	-0.98032	-0.854814	-8.5791
Tip7	8	-0.163877	-0.482453	-10.4181
Tip7	9	-0.0559585	-1.31983	-9.36749
Tip7	10	-0.792635	-1.3123	-9.3183
Tip7	11	0.288524	-0.451085	-10.604
Tip7	12	-0.908332	-1.05986	-8.46402
Tip7	13	-0.360358	-0.895454	-10.2716
Tip7	14	0.484967	-1.01479	-9.87404
Tip7	15	-1.31533	-0.996685	-8.47496
Tip7	16	0.00647331	-0.739399	-10.8675
Tip7	17	-0.532397	-1.57105	-8.70934
Tip7	18	-0.769556	-1.59336	-9.66587
Tip7	19	0.638224	-0.939441	-10.4475
Tip7	20	-1.23922	-1.0904	-8.12046
Tip7	21	-0.229642	-1.08598	-10.6246
Tip7	22	0.186474	-1.70627	-9.47164
Tip7	23	-1.38569	-1.35653	-8.63589
Tip7	24	0.431541	-1.02802	-10.7775
Tip7	25	-0.92323	-1.56968	-8.27131
Tip7	26	-0.541768	-1.86148	-10.0559
Tip7	27	0.793199	-1.38218	-10.1495
Tip7	28	-1.40881	-1.29494	-8.17289
Tip7	29	0.125456	-1.36868	-10.8776
Tip7	30	-0.326862	-1.97739	-8.83116
Tip7	31	-1.1532	-1.93119	-9.09184
Tip7	32	0.711649	-1.64913	-10.5847
Tip7	33	-1.09234	-1.69038	-8.11059
Tip7	34	-0.288392	-1.9764	-10.4669
Tip7	35	0.455705	-2.01738	-9.82424
Tip7	36	-1.43285	-1.80468	-8.43909
Tip7	37	0.366621	-1.89317	-10.7212
Tip7	38	-0.625132	-2.09795	-8.44767
Tip7	39	-0.875762	-2.35491	-9.46938
Tip7	40	0.562135	-2.10447	-10.237
Tip7	41	-1.07795	-2.05185	-8.17742
Tip7	42	-0.144369	-2.34531	-10.3601
Tip7	43	-0.0477716	-2.54186	-9.26438
Tip7	44	-1.08332	-2.32588	-8.68843
Tip7	45	0.191173	-2.34055	-10.38
Tip7	46	-0.689978	-2.49404	-8.50641
Tip7	47	-0.58144	-2.75046	-9.56038
Tip7	48	-0.153276	-2.71895	-9.52773
Tip7	49	-0.741297	-2.61606	-8.69487
Tip7	50	-0.484284	-2.78253	-9.19021
Tip12	1	0.0962688	-1.06606	-9.72532
Tip12	2	-0.33537	-1.23556	-9.26593
Tip12	3	0.315938	-0.829362	-10.145
Tip12	4	-0.161807	-1.5081	-9.02767
Tip12	5	-0.128347	-1.31035	-9.76446
Tip12	6	0.632705	-1.08879	-10.0363
Tip12	7	-0.859847	-1.47121	-8.28206
Tip12	8	0.258491	-1.03146	-10.3669
Tip12	9	0.099814	-1.87939	-9.13394
Tip12	10	-0.673135	-1.86317	-9.04545
Tip12	11	0.704386	-1.06533	-10.5153
Tip12	12	-0.819679	-1.70011	-8.16705
Tip12	13	-0.035311	-1.4238	-10.13
Tip12	14	0.741552	-1.57569	-9.70805
Tip12	15	-1.26476	-1.64808	-8.20814
Tip12	16	0.40137	-1.32928	-10.7472
Tip12	17	-0.475207	-2.23912	-8.40807
Tip12	18	-0.656054	-2.15993	-9.38982
Tip12	19	0.953072	-1.55906	-10.2543
Tip12	20	-1.19297	-1.76507	-7.84059
Tip12	21	0.0980115	-1.63485	-10.4481
Tip12	22	0.319401	-2.23106	-9.17896
Tip12	23	-1.35997	-1.99987	-8.36012
Tip12	24	0.742673	-1.66356	-10.5715
Tip12	25	-0.928871	-2.27635	-7.95769
Tip12	26	-0.420034	-2.40262	-9.73249
Tip12	27	1.00133	-1.96695	-9.92018
Tip12	28	-1.3993	-1.97353	-7.87514
Tip12	29	0.390288	-1.9484	-10.6604
Tip12	30	-0.296582	-2.67851	-8.50047
Tip12	31	-1.13785	-2.58439	-8.76802
Tip12	32	0.897592	-2.25483	-10.3196
Tip12	33	-1.10663	-2.37586	-7.77711
Tip12	34	-0.129669	-2.48275	-10.18
Tip12	35	0.547125	-2.52835	-9.51302
Tip12	36	-1.44357	-2.4667	-8.11531
Tip12	37	0.54447	-2.45512	-10.4371
Tip12	38	-0.64807	-2.87924	-8.06653
Tip12	39	-0.847013	-3.0031	-9.08563
Tip12	40	0.659896	-2.64771	-9.94801
Tip12	41	-1.11158	-2.77935	-7.81324
Tip12	42	-0.0631048	-2.89959	-10.0132
Tip12	43	-0.0486542	-3.15834	-8.87692
Tip12	44	-1.11977	-3.05214	-8.32148
Tip12	45	0.267529	-2.91651	-10.0327
Tip12	46	-0.732391	-3.28517	-8.08229
Tip12	47	-0.556259	-3.37268	-9.12616
Tip12	48	-0.133213	-3.30517	-9.085
Tip12	49	-0.775817	-3.4001	-8.24252
Tip12	50	-0.499522	-3.45553	-8.7226
Tip93	1	0.973387	-1.1908	-7.72857
Tip93	2	0.506563	-1.40687	-7.29219
Tip93	3	1.15464	-0.932254	-8.18268
Tip93	4	0.676866	-1.64874	-7.02213
Tip93	5	0.759768	-1.43554	-7.75975
Tip93	6	1.47067	-1.18133	-8.06157
Tip93	7	-0.25543	-1.62554	-6.33204
Tip93	8	1.09336	-1.11613	-8.42063
Tip93	9	0.938845	-1.99121	-7.15106
Tip93	10	0.0972361	-1.94955	-7.11067
Tip93	11	1.48639	-1.13767	-8.60047
Tip93	12	-0.220055	-1.84315	-6.21377
Tip93	13	0.851432	-1.49743	-8.16261
Tip93	14	1.62713	-1.65376	-7.74538
Tip93	15	-0.702742	-1.82126	-6.30071
Tip93	16	1.19791	-1.36487	-8.87041
Tip93	17	0.172683	-2.30354	-6.45322
Tip93	18	0.163875	-2.19727	-7.50172
Tip93	19	1.79164	-1.60416	-8.316
Tip93	20	-0.641136	-1.93498	-5.94693
Tip93	21	0.971548	-1.63978	-8.53618
Tip93	22	1.14555	-2.29052	-7.23476
Tip93	23	-0.795497	-2.17295	-6.47266
Tip93	24	1.56893	-1.66653	-8.66832
Tip93	25	-0.356939	-2.39991	-6.03779
Tip93	26	0.456632	-2.40001	-7.87117
Tip93	27	1.8781	-1.98358	-7.98998
Tip93	28	-0.841518	-2.15526	-6.00433
Tip93	29	1.25468	-1.92642	-8.80304
Tip93	30	0.370336	-2.70972	-6.58774
Tip93	31	-0.504863	-2.67148	-6.90956
Tip93	32	1.78397	-2.2047	-8.44381
Tip93	33	-0.539858	-2.53288	-5.88801
Tip93	34	0.768074	-2.45151	-8.32867
Tip93	35	1.41217	-2.50808	-7.61899
Tip93	36	-0.870265	-2.63696	-6.27976
Tip93	37	1.43461	-2.40621	-8.59182
Tip93	38	-0.0842759	-2.97109	-6.20879
Tip93	39	-0.140463	-2.99839	-7.29391
Tip93	40	1.52412	-2.58683	-8.09628
Tip93	41	-0.567991	-2.94518	-5.98215
Tip93	42	0.811246	-2.84154	-8.20256
Tip93	43	0.701127	-3.15971	-7.05063
Tip93	44	-0.545195	-3.1735	-6.52737
Tip93	45	1.15105	-2.85638	-8.22362
Tip93	46	-0.169473	-3.3786	-6.29161
Tip93	47	0.178191	-3.37516	-7.39297
Tip93	48	0.624379	-3.29558	-7.31299
Tip93	49	-0.185033	-3.48391	-6.46669
Tip93	50	0.197001	-3.48411	-6.95591
Tip17	1	-0.430905	-1.46802	-8.15663
Tip17	2	-0.765324	-1.67973	-7.77965
Tip17	3	-0.223981	-1.19037	-8.57462
Tip17	4	-0.550526	-1.95461	-7.51664
Tip17	5	-0.615404	-1.72828	-8.22132
Tip17	6	0.0887247	-1.42903	-8.47384
Tip17	7	-1.18569	-2.00429	-6.90572
Tip17	8	-0.293893	-1.35312	-8.81332
Tip17	9	-0.267371	-2.2695	-7.60261
Tip17	10	-0.99219	-2.33145	-7.59615
Tip17	11	0.154689	-1.34637	-9.00697
Tip17	12	-1.1003	-2.23969	-6.77566
Tip17	13	-0.523544	-1.79343	-8.6069
Tip17	14	0.304644	-1.90327	-8.17506
Tip17	15	-1.52148	-2.18201	-6.82611
Tip17	16	-0.110893	-1.60911	-9.26712
Tip17	17	-0.708433	-2.70071	-6.98349
Tip17	18	-0.94343	-2.56286	-7.94921
Tip17	19	0.493548	-1.82458	-8.81586
Tip17	20	-1.42558	-2.30731	-6.47285
Tip17	21	-0.366128	-1.94768	-8.96627
Tip17	22	-0.0220368	-2.60538	-7.70251
Tip17	23	-1.58316	-2.54637	-6.98572
Tip17	24	0.291719	-1.90518	-9.14671
Tip17	25	-1.11541	-2.78372	-6.60665
Tip17	26	-0.724134	-2.7629	-8.32679
Tip17	27	0.61583	-2.24073	-8.48007
Tip17	28	-1.60183	-2.51608	-6.52847
Tip17	29	-0.00751863	-2.21932	-9.22857
Tip17	30	-0.498001	-3.09626	-7.11294
Tip17	31	-1.32339	-3.05951	-7.41559
Tip17	32	0.550441	-2.47203	-8.9271
Tip17	33	-1.27698	-2.90374	-6.46081
Tip17	34	-0.456195	-2.81858	-8.77192
Tip17	35	0.26142	-2.87679	-8.087
Tip17	36	-1.59909	-2.99796	-6.78753
Tip17	37	0.217859	-2.71874	-9.05899
Tip17	38	-0.791721	-3.28518	-6.77442
Tip17	39	-1.04534	-3.3985	-7.79393
Tip17	40	0.393869	-2.95567	-8.56253
Tip17	41	-1.25331	-3.25509	-6.52856
Tip17	42	-0.305917	-3.20719	-8.67811
Tip17	43	-0.226144	-3.54325	-7.54562
Tip17	44	-1.2634	-3.49717	-7.06674
Tip17	45	0.0348929	-3.20584	-8.69706
Tip17	46	-0.847225	-3.68106	-6.86818
Tip17	47	-0.739391	-3.74173	-7.8776
Tip17	48	-0.299039	-3.69263	-7.82186
Tip17	49	-0.91069	-3.78964	-7.05995
Tip17	50	-0.641301	-3.84673	-7.50838
Tip87	1	-1.32927	-0.659547	-8.5778
Tip87	2	-1.67919	-0.919132	-8.18755
Tip87	3	-1.10725	-0.374123	-9.01014
Tip87	4	-1.46611	-1.19647	-7.93069
Tip87	5	-1.51616	-0.94157	-8.6407
Tip87	6	-0.797331	-0.606628	-8.89373
Tip87	7	-2.15915	-1.37994	-7.40206
Tip87	8	-1.17747	-0.535196	-9.23067
Tip87	9	-1.17286	-1.53223	-8.01015
Tip87	10	-1.92883	-1.65566	-8.05055
Tip87	11	-0.671478	-0.538582	-9.40391
Tip87	12	-2.07022	-1.63367	-7.29355
Tip87	13	-1.42229	-0.972013	-9.01638
Tip87	14	-0.598797	-1.10956	-8.5664
Tip87	15	-2.49442	-1.61975	-7.35264
Tip87	16	-0.952929	-0.783933	-9.66083
Tip87	17	-1.67092	-2.07135	-7.4636
Tip87	18	-1.8606	-1.90389	-8.38687
Tip87	19	-0.368674	-1.01968	-9.19377
Tip87	20	-2.38684	-1.76982	-7.01166
Tip87	21	-1.25917	-1.10207	-9.35897
Tip87	22	-0.924929	-1.88893	-8.10078
Tip87	23	-2.56121	-2.00638	-7.51032
Tip87	24	-0.55057	-1.09371	-9.52718
Tip87	25	-2.07744	-2.23913	-7.17107
Tip87	26	-1.62002	-2.07104	-8.74534
Tip87	27	-0.270691	-1.48054	-8.86483
Tip87	28	-2.56358	-2.00598	-7.08729
Tip87	29	-0.876928	-1.40477	-9.63102
Tip87	30	-1.42927	-2.49694	-7.57356
Tip87	31	-2.24597	-2.51359	-7.90621
Tip87	32	-0.325262	-1.7133	-9.32207
Tip87	33	-2.23012	-2.39813	-7.04901
Tip87	34	-1.34601	-2.0779	-9.17971
Tip87	35	-0.636297	-2.15713	-8.46478
Tip87	36	-2.55617	-2.50527	-7.35478
Tip87	37	-0.659676	-1.94596	-9.47694
Tip87	38	-1.73927	-2.76094	-7.29971
Tip87	39	-1.97171	-2.8442	-8.23352
Tip87	40	-0.487988	-2.23082	-8.95381
Tip87	41	-2.18986	-2.76397	-7.10546
Tip87	42	-1.17522	-2.50906	-9.0934
Tip87	43	-1.15895	-2.95949	-7.95272
Tip87	44	-2.1845	-2.99436	-7.59847
Tip87	45	-0.821551	-2.50367	-9.11738
Tip87	46	-1.75569	-3.19448	-7.3882
Tip87	47	-1.67112	-3.18124	-8.27325
Tip87	48	-1.22234	-3.09999	-8.2181
Tip87	49	-1.81634	-3.30043	-7.55241
Tip87	50	-1.57613	-3.32554	-7.92832
Tip47	1	-0.949672	-2.15499	-9.87439
Tip47	2	-1.207	-2.29947	-9.54835
Tip47	3	-0.85465	-2.00952	-10.185
Tip47	4	-0.924983	-2.51358	-9.33789
Tip47	5	-1.15529	-2.38508	-9.91428
Tip47	6	-0.560445	-2.24207	-10.1285
Tip47	7	-1.4022	-2.44032	-8.79734
Tip47	8	-0.957939	-2.22436	-10.3852
Tip47	9	-0.63368	-2.85347	-9.42758
Tip47	10	-1.41512	-2.87181	-9.42456
Tip47	11	-0.606724	-2.26123	-10.4883
Tip47	12	-1.28682	-2.61803	-8.69594
Tip47	13	-1.20178	-2.53865	-10.1646
Tip47	14	-0.238337	-2.70369	-9.84191
Tip47	15	-1.71146	-2.61234	-8.69168
Tip47	16	-0.919196	-2.55247	-10.6671
Tip47	17	-0.938354	-3.08665	-8.96007
Tip47	18	-1.46806	-3.1895	-9.64643
Tip47	19	-0.136971	-2.72343	-10.2651
Tip47	20	-1.54279	-2.62617	-8.36508
Tip47	21	-1.20783	-2.82186	-10.4407
Tip47	22	-0.413618	-3.31667	-9.49199
Tip47	23	-1.85714	-2.97117	-8.84448
Tip47	24	-0.450131	-2.85721	-10.5279
Tip47	25	-1.33007	-3.11493	-8.57367
Tip47	26	-1.33762	-3.45304	-9.87799
Tip47	27	0.10026	-3.06116	-10.0034
Tip47	28	-1.72335	-2.85834	-8.46737
Tip47	29	-0.807203	-3.17657	-10.6049
Tip47	30	-0.793083	-3.53271	-8.99481
Tip47	31	-1.69762	-3.54849	-9.19743
Tip47	32	-0.00955013	-3.27691	-10.3018
Tip47	33	-1.47289	-3.19503	-8.39014
Tip47	34	-1.13151	-3.57433	-10.1824
Tip47	35	-0.100892	-3.60663	-9.67427
Tip47	36	-1.82947	-3.36842	-8.63224
Tip47	37	-0.368383	-3.58946	-10.425
Tip47	38	-1.07612	-3.62243	-8.64106
Tip47	39	-1.41182	-3.95636	-9.4472
Tip47	40	-0.00382582	-3.67914	-9.99799
Tip47	41	-1.47819	-3.55581	-8.37187
Tip47	42	-0.763851	-3.89359	-10.1103
Tip47	43	-0.5511	-4.15877	-9.25917
Tip47	44	-1.56143	-3.87886	-8.8564
Tip47	45	-0.352077	-3.93057	-10.1052
Tip47	46	-1.14057	-3.98448	-8.63402
Tip47	47	-1.03472	-4.32356	-9.5466
Tip47	48	-0.620144	-4.331	-9.47422
Tip47	49	-1.21262	-4.15575	-8.82429
Tip47	50	-0.938781	-4.38719	-9.24722
Tip0	1	-1.34884	-0.424694	-7.49897
Tip0	2	-1.57958	-0.577791	-7.18428
Tip0	3	-1.19984	-0.26906	-7.8616
Tip0	4	-1.27652	-0.8618	-6.98887
Tip0	5	-1.56194	-0.639883	-7.56866
Tip0	6	-0.93765	-0.499538	-7.79772
Tip0	7	-1.7446	-0.817198	-6.51962
Tip0	8	-1.33406	-0.48033	-8.09962
Tip0	9	-0.99975	-1.20503	-7.07713
Tip0	10	-1.71006	-1.19443	-7.16274
Tip0	11	-0.931802	-0.531514	-8.25069
Tip0	12	-1.59807	-1.03484	-6.40242
Tip0	13	-1.57946	-0.800095	-7.90626
Tip0	14	-0.632918	-1.00608	-7.52707
Tip0	15	-2.04874	-1.01699	-6.45989
Tip0	16	-1.22542	-0.831204	-8.52628
Tip0	17	-1.20337	-1.54953	-6.62987
Tip0	18	-1.76554	-1.5084	-7.4752
Tip0	19	-0.507455	-1.05045	-8.07733
Tip0	20	-1.85002	-1.11856	-6.09704
Tip0	21	-1.51438	-1.0665	-8.29537
Tip0	22	-0.756919	-1.65197	-7.19267
Tip0	23	-2.12357	-1.39607	-6.62294
Tip0	24	-0.777441	-1.17067	-8.40251
Tip0	25	-1.55947	-1.57119	-6.29098
Tip0	26	-1.63243	-1.78161	-7.75172
Tip0	27	-0.292775	-1.48474	-7.81838
Tip0	28	-2.02004	-1.33883	-6.18193
Tip0	29	-1.12342	-1.45944	-8.51193
Tip0	30	-1.01429	-2.00033	-6.74201
Tip0	31	-1.89614	-1.98489	-7.07737
Tip0	32	-0.400547	-1.72918	-8.22341
Tip0	33	-1.69514	-1.70221	-6.1491
Tip0	34	-1.4224	-1.92852	-8.09023
Tip0	35	-0.449638	-2.00789	-7.48545
Tip0	36	-2.03415	-1.84261	-6.49066
Tip0	37	-0.722379	-1.96541	-8.3567
Tip0	38	-1.23408	-2.14441	-6.47326
Tip0	39	-1.65598	-2.41434	-7.4035
Tip0	40	-0.382199	-2.15474	-7.90384
Tip0	41	-1.64618	-2.07119	-6.25165
Tip0	42	-1.07527	-2.31322	-8.01665
Tip0	43	-0.759892	-2.63984	-7.11551
Tip0	44	-1.69602	-2.37448	-6.75548
Tip0	45	-0.703256	-2.37361	-8.02093
Tip0	46	-1.27249	-2.5727	-6.53798
Tip0	47	-1.27979	-2.83252	-7.46595
Tip0	48	-0.837685	-2.83407	-7.3674
Tip0	49	-1.34115	-2.72304	-6.728
Tip0	50	-1.12163	-2.93635	-7.1331
Tip20	1	0.200367	-0.746747	-8.00651
Tip20	2	-0.0554535	-1.02083	-7.66578
Tip20	3	0.343884	-0.555702	-8.38296
Tip20	4	0.268193	-1.32933	-7.46292
Tip20	5	0.031021	-1.0098	-8.07942
Tip20	6	0.67897	-0.74953	-8.33606
Tip20	7	-0.352924	-1.48306	-6.96498
Tip20	8	0.251968	-0.761477	-8.63155
Tip20	9	0.62273	-1.61289	-7.55236
Tip20	10	-0.141716	-1.7092	-7.58592
Tip20	11	0.68116	-0.733203	-8.78597
Tip20	12	-0.215141	-1.74191	-6.83116
Tip20	13	0.0523653	-1.15239	-8.4179
Tip20	14	1.08873	-1.26821	-8.05104
Tip20	15	-0.748032	-1.75217	-6.88179
Tip20	16	0.426775	-1.06995	-9.04149
Tip20	17	0.260328	-2.11623	-7.06979
Tip20	18	-0.123935	-1.97556	-7.90313
Tip20	19	1.27574	-1.2093	-8.62925
Tip20	20	-0.570125	-1.87445	-6.50956
Tip20	21	0.169721	-1.3727	-8.82834
Tip20	22	0.904783	-2.02232	-7.63054
Tip20	23	-0.76397	-2.1105	-7.03552
Tip20	24	1.01137	-1.35546	-8.96037
Tip20	25	-0.235074	-2.26213	-6.70499
Tip20	26	0.100642	-2.18762	-8.21684
Tip20	27	1.52146	-1.68753	-8.2922
Tip20	28	-0.736501	-2.10073	-6.58143
Tip20	29	0.665895	-1.70646	-9.05241
Tip20	30	0.444028	-2.48118	-7.16917
Tip20	31	-0.435163	-2.51053	-7.48809
Tip20	32	1.47307	-1.91812	-8.71571
Tip20	33	-0.417807	-2.40328	-6.55355
Tip20	34	0.370198	-2.27805	-8.58712
Tip20	35	1.27229	-2.27983	-7.90844
Tip20	36	-0.70593	-2.50126	-6.90933
Tip20	37	1.1492	-2.18041	-8.86095
Tip20	38	0.11916	-2.68815	-6.90856
Tip20	39	-0.133935	-2.87101	-7.86251
Tip20	40	1.40494	-2.39049	-8.34446
Tip20	41	-0.363128	-2.69924	-6.68422
Tip20	42	0.686265	-2.63799	-8.53294
Tip20	43	0.728553	-3.0523	-7.51643
Tip20	44	-0.340023	-2.90698	-7.19386
Tip20	45	1.06511	-2.65895	-8.51559
Tip20	46	0.0410261	-3.06454	-6.98105
Tip20	47	0.23271	-3.26818	-7.92408
Tip20	48	0.676779	-3.21018	-7.7693
Tip20	49	-0.00707684	-3.18872	-7.17988
Tip20	50	0.289531	-3.35989	-7.56377
Tip139	1	-0.670536	0.190409	-9.07073
Tip139	2	-0.903193	-0.0474142	-8.74569
Tip139	3	-0.535599	0.377974	-9.40774
Tip139	4	-0.553062	-0.329785	-8.53539
Tip139	5	-0.882177	-0.0593408	-9.16833
Tip139	6	-0.21219	0.180308	-9.34558
Tip139	7	-1.10662	-0.47503	-8.03847
Tip139	8	-0.651195	0.170867	-9.66564
Tip139	9	-0.189139	-0.632601	-8.62726
Tip139	10	-0.993915	-0.730185	-8.73191
Tip139	11	-0.200992	0.180135	-9.77809
Tip139	12	-0.936644	-0.720165	-7.89536
Tip139	13	-0.880878	-0.195618	-9.49816
Tip139	14	0.213685	-0.339974	-9.06455
Tip139	15	-1.45489	-0.748932	-7.95772
Tip139	16	-0.476509	-0.164294	-10.0816
Tip139	17	-0.48019	-1.13763	-8.1246
Tip139	18	-1.01154	-1.00744	-9.04909
Tip139	19	0.372052	-0.331867	-9.59483
Tip139	20	-1.23956	-0.875241	-7.55909
Tip139	21	-0.752068	-0.458144	-9.88995
Tip139	22	0.117375	-1.08188	-8.69652
Tip139	23	-1.48454	-1.15403	-8.1174
Tip139	24	0.0832128	-0.470079	-9.94305
Tip139	25	-0.91846	-1.30715	-7.7454
Tip139	26	-0.809911	-1.24133	-9.34381
Tip139	27	0.656546	-0.831498	-9.28791
Tip139	28	-1.4038	-1.13054	-7.63696
Tip139	29	-0.266231	-0.820816	-10.0786
Tip139	30	-0.26401	-1.57995	-8.20633
Tip139	31	-1.19148	-1.60368	-8.59186
Tip139	32	0.588257	-1.06218	-9.69924
Tip139	33	-1.08448	-1.48607	-7.5829
Tip139	34	-0.543519	-1.37816	-9.6662
Tip139	35	0.482457	-1.40713	-8.93587
Tip139	36	-1.38878	-1.59481	-7.96559
Tip139	37	0.261591	-1.32274	-9.86413
Tip139	38	-0.560882	-1.80405	-7.92963
Tip139	39	-0.898907	-1.97807	-8.95978
Tip139	40	0.575708	-1.53494	-9.35575
Tip139	41	-1.02573	-1.82964	-7.69949
Tip139	42	-0.14823	-1.77269	-9.57332
Tip139	43	0.0462014	-2.19551	-8.53069
Tip139	44	-1.03147	-2.06469	-8.2602
Tip139	45	0.231769	-1.80065	-9.5441
Tip139	46	-0.608297	-2.2356	-8.00943
Tip139	47	-0.488809	-2.4168	-8.99275
Tip139	48	-0.0201729	-2.36838	-8.81067
Tip139	49	-0.667882	-2.36351	-8.21161
Tip139	50	-0.37315	-2.53821	-8.61673
Tip16	1	-2.02027	0.856565	-5.60042
Tip16	2	-2.2428	0.701839	-5.25004
Tip16	3	-1.85431	1.01532	-6.05117
Tip16	4	-1.97382	0.451017	-5.01171
Tip16	5	-2.21737	0.641411	-5.64481
Tip16	6	-1.59115	0.833361	-5.95724
Tip16	7	-2.42093	0.450575	-4.5934
Tip16	8	-1.97107	0.812384	-6.29848
Tip16	9	-1.71583	0.119929	-5.08714
Tip16	10	-2.39868	0.122041	-5.16085
Tip16	11	-1.55553	0.804003	-6.5063
Tip16	12	-2.28432	0.232941	-4.44378
Tip16	13	-2.20601	0.497338	-6.03726
Tip16	14	-1.2848	0.360153	-5.64217
Tip16	15	-2.71959	0.241894	-4.53014
Tip16	16	-1.82678	0.487433	-6.78132
Tip16	17	-1.94955	-0.259583	-4.62605
Tip16	18	-2.44266	-0.189545	-5.49969
Tip16	19	-1.14549	0.345481	-6.29456
Tip16	20	-2.51913	0.12026	-4.19074
Tip16	21	-2.11931	0.241953	-6.48902
Tip16	22	-1.47623	-0.318601	-5.20926
Tip16	23	-2.81193	-0.114487	-4.64626
Tip16	24	-1.37868	0.220027	-6.65565
Tip16	25	-2.28837	-0.317148	-4.30773
Tip16	26	-2.29676	-0.473352	-5.81779
Tip16	27	-0.947786	-0.102719	-6.01103
Tip16	28	-2.7029	-0.103102	-4.25732
Tip16	29	-1.69338	-0.102095	-6.74575
Tip16	30	-1.77487	-0.733314	-4.74901
Tip16	31	-2.61253	-0.711559	-5.07474
Tip16	32	-1.02749	-0.35893	-6.45378
Tip16	33	-2.40814	-0.474221	-4.1839
Tip16	34	-2.0471	-0.61358	-6.22018
Tip16	35	-1.1635	-0.6866	-5.58377
Tip16	36	-2.75031	-0.605459	-4.49824
Tip16	37	-1.34528	-0.608527	-6.5696
Tip16	38	-1.98285	-0.907632	-4.48209
Tip16	39	-2.36217	-1.18921	-5.4403
Tip16	40	-1.06057	-0.823327	-6.06958
Tip16	41	-2.37858	-0.848582	-4.27338
Tip16	42	-1.74366	-1.00074	-6.14622
Tip16	43	-1.49791	-1.43245	-5.20336
Tip16	44	-2.43564	-1.16406	-4.77672
Tip16	45	-1.38014	-1.05437	-6.18636
Tip16	46	-2.00335	-1.38206	-4.59335
Tip16	47	-2.00348	-1.64124	-5.56856
Tip16	48	-1.57249	-1.62858	-5.47923
Tip16	49	-2.07893	-1.54957	-4.80127
Tip16	50	-1.84618	-1.7759	-5.23446
Tip28	1	-1.06939	-1.9473	-8.44638
Tip28	2	-1.5134	-2.14768	-8.15231
Tip28	3	-0.869839	-1.7972	-8.79985
Tip28	4	-1.34308	-2.49501	-7.94135
Tip28	5	-1.32129	-2.19715	-8.51212
Tip28	6	-0.559285	-2.01865	-8.77131
Tip28	7	-2.07207	-2.40599	-7.53995
Tip28	8	-0.991327	-1.94005	-9.02882
Tip28	9	-1.01808	-2.77255	-8.01434
Tip28	10	-1.91452	-2.7928	-8.05231
Tip28	11	-0.542254	-1.9602	-9.22918
Tip28	12	-2.00495	-2.6903	-7.41669
Tip28	13	-1.24934	-2.31717	-8.88348
Tip28	14	-0.277245	-2.45887	-8.48888
Tip28	15	-2.51785	-2.64694	-7.45388
Tip28	16	-0.804708	-2.19736	-9.47188
Tip28	17	-1.64335	-3.1946	-7.56188
Tip28	18	-1.8678	-3.03303	-8.35644
Tip28	19	-0.0637786	-2.43035	-9.12225
Tip28	20	-2.40535	-2.83532	-7.09228
Tip28	21	-1.06418	-2.4967	-9.25578
Tip28	22	-0.696477	-3.10562	-8.14222
Tip28	23	-2.66449	-3.04878	-7.61111
Tip28	24	-0.301334	-2.51479	-9.46366
Tip28	25	-2.14484	-3.32928	-7.17265
Tip28	26	-1.57465	-3.2484	-8.67089
Tip28	27	0.110228	-2.78236	-8.8323
Tip28	28	-2.6629	-3.05438	-7.1305
Tip28	29	-0.668807	-2.79143	-9.5473
Tip28	30	-1.44393	-3.61153	-7.61951
Tip28	31	-2.40341	-3.6041	-7.91177
Tip28	32	0.073763	-2.99083	-9.27291
Tip28	33	-2.30978	-3.45579	-6.99373
Tip28	34	-1.10181	-3.32523	-9.08779
Tip28	35	-0.283647	-3.40342	-8.42356
Tip28	36	-2.66754	-3.55635	-7.35735
Tip28	37	-0.302962	-3.22103	-9.40411
Tip28	38	-1.76238	-3.82172	-7.28014
Tip28	39	-2.02744	-3.86286	-8.1945
Tip28	40	-0.034377	-3.42777	-8.90518
Tip28	41	-2.27365	-3.80081	-7.02417
Tip28	42	-0.832431	-3.68171	-8.99913
Tip28	43	-0.970625	-4.04025	-7.88672
Tip28	44	-2.31383	-4.03259	-7.55401
Tip28	45	-0.406968	-3.68918	-9.00699
Tip28	46	-1.80327	-4.20172	-7.30829
Tip28	47	-1.51826	-4.18365	-8.24919
Tip28	48	-0.991298	-4.16409	-8.15079
Tip28	49	-1.86964	-4.29019	-7.4873
Tip28	50	-1.47388	-4.34213	-7.8705
Tip13	1	-0.619882	0.107508	-9.03611
Tip13	2	-1.04552	0.0457978	-8.54666
Tip13	3	-0.373446	0.0833053	-9.47215
Tip13	4	-0.83834	-0.205179	-8.35764
Tip13	5	-0.836215	-0.106139	-9.03276
Tip13	6	0.0213603	-0.162918	-9.57145
Tip13	7	-1.5766	-0.214763	-7.70458
Tip13	8	-0.444439	-0.0978669	-9.72174
Tip13	9	-0.440253	-0.483564	-8.56759
Tip13	10	-1.3824	-0.514107	-8.36791
Tip13	11	0.0397518	-0.285818	-10.0552
Tip13	12	-1.46723	-0.447504	-7.56564
Tip13	13	-0.710783	-0.341036	-9.52658
Tip13	14	0.343952	-0.514823	-9.34206
Tip13	15	-1.98526	-0.415317	-7.53397
Tip13	16	-0.239082	-0.535363	-10.291
Tip13	17	-1.0614	-0.814278	-7.84191
Tip13	18	-1.32319	-0.784119	-8.72065
Tip13	19	0.613758	-0.73884	-10.1099
Tip13	20	-1.84588	-0.598099	-7.14974
Tip13	21	-0.513765	-0.694782	-10.0223
Tip13	22	-0.0268713	-0.918123	-8.80931
Tip13	23	-2.08845	-0.772109	-7.70472
Tip13	24	0.337679	-0.851534	-10.4481
Tip13	25	-1.5282	-0.998735	-7.32472
Tip13	26	-0.967478	-1.0978	-9.20418
Tip13	27	0.790166	-0.997518	-9.83131
Tip13	28	-2.08643	-0.831174	-7.21187
Tip13	29	-0.0672516	-1.06782	-10.4691
Tip13	30	-0.771708	-1.22122	-8.00933
Tip13	31	-1.784	-1.27105	-8.18085
Tip13	32	0.741978	-1.26023	-10.3275
Tip13	33	-1.70865	-1.16411	-7.14541
Tip13	34	-0.453196	-1.37815	-9.82738
Tip13	35	0.463811	-1.4145	-9.32493
Tip13	36	-2.04409	-1.26528	-7.4837
Tip13	37	0.329805	-1.47601	-10.4243
Tip13	38	-1.1358	-1.42076	-7.6424
Tip13	39	-1.39444	-1.61567	-8.60879
Tip13	40	0.672134	-1.59585	-9.92227
Tip13	41	-1.65414	-1.47709	-7.25998
Tip13	42	-0.168568	-1.76078	-9.81864
Tip13	43	-0.184663	-1.85668	-8.47947
Tip13	44	-1.67376	-1.69368	-7.87647
Tip13	45	0.260621	-1.81649	-9.94064
Tip13	46	-1.13251	-1.82566	-7.76674
Tip13	47	-0.807369	-2.11621	-8.79044
Tip13	48	-0.194896	-2.10876	-8.78839
Tip13	49	-1.19349	-1.94748	-7.93888
Tip13	50	-0.770627	-2.17752	-8.41521
Tip3	1	-0.30587	-1.91467	-10.4474
Tip3	2	-0.638403	-2.21023	-10.1069
Tip3	3	-0.0727485	-1.66537	-10.7811
Tip3	4	-0.439182	-2.59781	-9.94205
Tip3	5	-0.521921	-2.19077	-10.526
Tip3	6	0.231387	-1.87222	-10.7522
Tip3	7	-1.11031	-2.60133	-9.30857
Tip3	8	-0.160211	-1.81872	-11.0026
Tip3	9	-0.132921	-2.8328	-10.0418
Tip3	10	-0.965193	-2.90064	-10.0934
Tip3	11	0.289147	-1.8133	-11.1673
Tip3	12	-1.0056	-2.87319	-9.20875
Tip3	13	-0.422892	-2.22585	-10.9007
Tip3	14	0.486025	-2.37309	-10.4888
Tip3	15	-1.50759	-2.79074	-9.18048
Tip3	16	0.00825675	-2.03459	-11.4457
Tip3	17	-0.656855	-3.31725	-9.50004
Tip3	18	-0.968457	-3.08852	-10.4215
Tip3	19	0.696182	-2.22236	-11.0461
Tip3	20	-1.37387	-2.97159	-8.74921
Tip3	21	-0.280374	-2.36019	-11.294
Tip3	22	0.133936	-3.09239	-10.1614
Tip3	23	-1.63203	-3.13388	-9.37245
Tip3	24	0.41586	-2.31081	-11.3906
Tip3	25	-1.07036	-3.40788	-8.97404
Tip3	26	-0.767147	-3.22865	-10.7795
Tip3	27	0.82578	-2.6384	-10.7516
Tip3	28	-1.61493	-3.16392	-8.78134
Tip3	29	0.0643059	-2.58169	-11.5472
Tip3	30	-0.491751	-3.68687	-9.58083
Tip3	31	-1.40643	-3.6152	-9.85528
Tip3	32	0.71291	-2.80273	-11.2203
Tip3	33	-1.27646	-3.52957	-8.71721
Tip3	34	-0.463429	-3.19317	-11.1633
Tip3	35	0.456206	-3.28603	-10.4435
Tip3	36	-1.67059	-3.59422	-9.11315
Tip3	37	0.320044	-3.04254	-11.3909
Tip3	38	-0.800851	-3.88078	-9.1494
Tip3	39	-1.13831	-3.8734	-10.2061
Tip3	40	0.5845	-3.29517	-10.8697
Tip3	41	-1.27329	-3.82795	-8.78054
Tip3	42	-0.242375	-3.53286	-11.0679
Tip3	43	-0.153188	-4.04784	-9.94277
Tip3	44	-1.34447	-4.02905	-9.40088
Tip3	45	0.18399	-3.52759	-11.0281
Tip3	46	-0.889515	-4.2236	-9.15833
Tip3	47	-0.779843	-4.19496	-10.2585
Tip3	48	-0.225453	-4.16616	-10.1988
Tip3	49	-0.96064	-4.3118	-9.36263
Tip3	50	-0.666217	-4.37652	-9.85427
Paranthropus_boisei	1	-2.23652	-1.0916	-7.33023
Paranthropus_boisei	2	-2.54417	-1.27008	-7.04315
Paranthropus_boisei	3	-2.01385	-0.94865	-7.75431
Paranthropus_boisei	4	-2.29393	-1.58519	-6.85871
Paranthropus_boisei	5	-2.44875	-1.34661	-7.41735
Paranthropus_boisei	6	-1.6906	-1.13549	-7.71576
Paranthropus_boisei	7	-2.86196	-1.62809	-6.42194
Paranthropus_boisei	8	-2.12577	-1.14734	-8.00559
Paranthropus_boisei	9	-1.99298	-1.84227	-6.9815
Paranthropus_boisei	10	-2.74628	-1.90933	-7.06677
Paranthropus_boisei	11	-1.63578	-1.17249	-8.23753
Paranthropus_boisei	12	-2.72051	-1.87317	-6.31207
Paranthropus_boisei	13	-2.40485	-1.47821	-7.83257
Paranthropus_boisei	14	-1.40765	-1.53945	-7.52211
Paranthropus_boisei	15	-3.1845	-1.85974	-6.38495
Paranthropus_boisei	16	-1.92801	-1.43838	-8.56087
Paranthropus_boisei	17	-2.34541	-2.28414	-6.59283
Paranthropus_boisei	18	-2.7676	-2.19802	-7.44156
Paranthropus_boisei	19	-1.1606	-1.51869	-8.1475
Paranthropus_boisei	20	-3.01091	-2.01449	-6.03121
Paranthropus_boisei	21	-2.25129	-1.6972	-8.33707
Paranthropus_boisei	22	-1.73434	-2.14211	-7.18059
Paranthropus_boisei	23	-3.25364	-2.22822	-6.60579
Paranthropus_boisei	24	-1.43752	-1.68	-8.5237
Paranthropus_boisei	25	-2.68718	-2.41881	-6.22476
Paranthropus_boisei	26	-2.57153	-2.38675	-7.82567
Paranthropus_boisei	27	-1.01756	-1.84242	-7.89135
Paranthropus_boisei	28	-3.19718	-2.24795	-6.12561
Paranthropus_boisei	29	-1.81616	-1.96358	-8.67421
Paranthropus_boisei	30	-2.13824	-2.66453	-6.77584
Paranthropus_boisei	31	-2.99286	-2.72285	-7.09832
Paranthropus_boisei	32	-1.09536	-2.07221	-8.41034
Paranthropus_boisei	33	-2.84011	-2.54734	-6.06816
Paranthropus_boisei	34	-2.27828	-2.42321	-8.23794
Paranthropus_boisei	35	-1.43397	-2.35864	-7.58942
Paranthropus_boisei	36	-3.18906	-2.6821	-6.44802
Paranthropus_boisei	37	-1.482	-2.31388	-8.59416
Paranthropus_boisei	38	-2.34813	-2.88471	-6.47275
Paranthropus_boisei	39	-2.74325	-3.00238	-7.45675
Paranthropus_boisei	40	-1.25863	-2.45705	-8.08928
Paranthropus_boisei	41	-2.79044	-2.87908	-6.19536
Paranthropus_boisei	42	-2.01093	-2.71968	-8.23044
Paranthropus_boisei	43	-1.80576	-3.02646	-7.18212
Paranthropus_boisei	44	-2.83184	-3.10354	-6.80783
Paranthropus_boisei	45	-1.62469	-2.72314	-8.27693
Paranthropus_boisei	46	-2.38265	-3.26733	-6.56887
Paranthropus_boisei	47	-2.3704	-3.2704	-7.57173
Paranthropus_boisei	48	-1.8949	-3.17457	-7.48639
Paranthropus_boisei	49	-2.45323	-3.37615	-6.76983
Paranthropus_boisei	50	-2.22088	-3.39346	-7.20666
Tip9	1	-2.60957	-1.33149	-7.65922
Tip9	2	-2.9497	-1.49198	-7.41148
Tip9	3	-2.3763	-1.16685	-8.02015
Tip9	4	-2.74278	-1.75992	-7.25392
Tip9	5	-2.85077	-1.56866	-7.73414
Tip9	6	-2.06152	-1.33701	-7.95022
Tip9	7	-3.30537	-1.76791	-6.84121
Tip9	8	-2.47996	-1.363	-8.25768
Tip9	9	-2.50352	-1.9808	-7.32416
Tip9	10	-3.21061	-2.05101	-7.42589
Tip9	11	-2.00554	-1.35016	-8.44521
Tip9	12	-3.1727	-1.98207	-6.74053
Tip9	13	-2.80524	-1.68152	-8.09599
Tip9	14	-1.85897	-1.72522	-7.71794
Tip9	15	-3.62893	-1.96527	-6.79727
Tip9	16	-2.29897	-1.61556	-8.7599
Tip9	17	-2.84939	-2.3458	-6.99492
Tip9	18	-3.28034	-2.31556	-7.73122
Tip9	19	-1.59419	-1.68085	-8.30625
Tip9	20	-3.4442	-2.08397	-6.45797
Tip9	21	-2.65629	-1.86835	-8.55275
Tip9	22	-2.30888	-2.21532	-7.44082
Tip9	23	-3.71645	-2.29155	-6.98562
Tip9	24	-1.8622	-1.82212	-8.67153
Tip9	25	-3.1801	-2.4496	-6.67107
Tip9	26	-3.10328	-2.46922	-8.05254
Tip9	27	-1.49387	-1.95228	-8.02876
Tip9	28	-3.6531	-2.29453	-6.54221
Tip9	29	-2.23583	-2.06043	-8.81289
Tip9	30	-2.72552	-2.64831	-7.09285
Tip9	31	-3.57378	-2.76068	-7.41059
Tip9	32	-1.56333	-2.17042	-8.5453
Tip9	33	-3.319	-2.5546	-6.51501
Tip9	34	-2.80505	-2.50536	-8.41292
Tip9	35	-2.02745	-2.42631	-7.79514
Tip9	36	-3.70697	-2.68976	-6.80852
Tip9	37	-1.95627	-2.37722	-8.72319
Tip9	38	-2.9307	-2.81529	-6.84634
Tip9	39	-3.37575	-2.98727	-7.67312
Tip9	40	-1.80275	-2.49283	-8.24446
Tip9	41	-3.31933	-2.81422	-6.60179
Tip9	42	-2.58514	-2.75663	-8.3998
Tip9	43	-2.45606	-2.96429	-7.38454
Tip9	44	-3.45085	-3.05279	-7.10928
Tip9	45	-2.1952	-2.74236	-8.42331
Tip9	46	-2.99389	-3.14793	-6.8951
Tip9	47	-2.99676	-3.21617	-7.77905
Tip9	48	-2.5358	-3.12106	-7.65977
Tip9	49	-3.09874	-3.26296	-7.0504
Tip9	50	-2.89706	-3.30673	-7.41675
Tip8	1	-4.64171	-2.04253	-6.60886
Tip8	2	-4.98563	-2.18246	-6.36765
Tip8	3	-4.36438	-1.9166	-6.98993
Tip8	4	-4.80551	-2.55798	-6.12983
Tip8	5	-4.91706	-2.33364	-6.72596
Tip8	6	-4.08481	-2.12474	-6.86042
Tip8	7	-5.31068	-2.48248	-5.76876
Tip8	8	-4.53242	-2.16225	-7.27824
Tip8	9	-4.55988	-2.88111	-6.22891
Tip8	10	-5.28933	-2.90635	-6.37882
Tip8	11	-3.98756	-2.14914	-7.39621
Tip8	12	-5.20061	-2.75437	-5.65742
Tip8	13	-4.89953	-2.53449	-7.15561
Tip8	14	-3.88997	-2.60328	-6.65135
Tip8	15	-5.65986	-2.70044	-5.74769
Tip8	16	-4.34567	-2.50122	-7.88936
Tip8	17	-4.94653	-3.18912	-5.90171
Tip8	18	-5.34655	-3.24435	-6.83809
Tip8	19	-3.6225	-2.4926	-7.3259
Tip8	20	-5.46806	-2.81809	-5.41358
Tip8	21	-4.71432	-2.79587	-7.72174
Tip8	22	-4.34649	-3.2229	-6.40187
Tip8	23	-5.77872	-3.06787	-5.95847
Tip8	24	-3.88063	-2.74979	-7.83324
Tip8	25	-5.25815	-3.25181	-5.54586
Tip8	26	-5.20457	-3.46761	-7.23081
Tip8	27	-3.53003	-2.87951	-7.08876
Tip8	28	-5.71364	-3.02393	-5.51214
Tip8	29	-4.30516	-3.07608	-8.08378
Tip8	30	-4.85617	-3.60031	-6.0691
Tip8	31	-5.61176	-3.65707	-6.46058
Tip8	32	-3.58046	-3.105	-7.78942
Tip8	33	-5.38439	-3.33242	-5.40001
Tip8	34	-4.9195	-3.53654	-7.68669
Tip8	35	-4.14975	-3.4703	-6.8494
Tip8	36	-5.77081	-3.46022	-5.80908
Tip8	37	-4.05171	-3.40818	-8.0398
Tip8	38	-5.03392	-3.76324	-5.80229
Tip8	39	-5.40929	-3.98568	-6.83048
Tip8	40	-3.91819	-3.50041	-7.41801
Tip8	41	-5.36475	-3.6633	-5.52143
Tip8	42	-4.69302	-3.83626	-7.67888
Tip8	43	-4.58665	-4.04928	-6.4596
Tip8	44	-5.4921	-3.97204	-6.1433
Tip8	45	-4.30009	-3.80102	-7.69064
Tip8	46	-5.05008	-4.17483	-5.9092
Tip8	47	-5.06167	-4.24452	-6.93231
Tip8	48	-4.64878	-4.19382	-6.77886
Tip8	49	-5.14015	-4.29081	-6.09793
Tip8	50	-4.95215	-4.34873	-6.5171
Tip11	1	-4.01469	-2.39196	-6.71315
Tip11	2	-4.32447	-2.5507	-6.4739
Tip11	3	-3.74125	-2.25613	-7.10765
Tip11	4	-4.10119	-2.98028	-6.24728
Tip11	5	-4.27748	-2.67182	-6.78997
Tip11	6	-3.4546	-2.49594	-7.01143
Tip11	7	-4.59501	-2.95494	-5.8662
Tip11	8	-3.90273	-2.49018	-7.38412
Tip11	9	-3.87684	-3.31833	-6.31746
Tip11	10	-4.5668	-3.34613	-6.4255
Tip11	11	-3.36963	-2.47677	-7.53484
Tip11	12	-4.47167	-3.24331	-5.76118
Tip11	13	-4.24258	-2.87506	-7.1899
Tip11	14	-3.22766	-3.00483	-6.79513
Tip11	15	-4.92167	-3.17355	-5.83769
Tip11	16	-3.72261	-2.814	-7.92725
Tip11	17	-4.2311	-3.71352	-5.98497
Tip11	18	-4.62124	-3.66442	-6.7854
Tip11	19	-2.94682	-2.88312	-7.42158
Tip11	20	-4.74107	-3.31724	-5.52682
Tip11	21	-4.05703	-3.12476	-7.71799
Tip11	22	-3.64179	-3.68454	-6.46907
Tip11	23	-5.03784	-3.55432	-6.03431
Tip11	24	-3.24313	-3.07402	-7.84652
Tip11	25	-4.5326	-3.77372	-5.68811
Tip11	26	-4.46331	-3.86519	-7.16509
Tip11	27	-2.8526	-3.26301	-7.17217
Tip11	28	-4.95966	-3.5266	-5.60446
Tip11	29	-3.62699	-3.381	-8.03809
Tip11	30	-4.10884	-4.12116	-6.10434
Tip11	31	-4.88203	-4.10575	-6.45273
Tip11	32	-2.90049	-3.4884	-7.74735
Tip11	33	-4.65124	-3.84971	-5.53822
Tip11	34	-4.14121	-3.93293	-7.58922
Tip11	35	-3.39986	-3.90171	-6.85068
Tip11	36	-5.05184	-3.96072	-5.87116
Tip11	37	-3.31955	-3.76276	-7.95451
Tip11	38	-4.30807	-4.28787	-5.86874
Tip11	39	-4.64571	-4.39854	-6.78989
Tip11	40	-3.1733	-3.92696	-7.36192
Tip11	41	-4.65799	-4.19878	-5.63682
Tip11	42	-3.88082	-4.21697	-7.56526
Tip11	43	-3.80124	-4.50007	-6.4393
Tip11	44	-4.76524	-4.44488	-6.16345
Tip11	45	-3.50751	-4.19078	-7.58596
Tip11	46	-4.31844	-4.64438	-5.91783
Tip11	47	-4.27129	-4.65889	-6.85552
Tip11	48	-3.84436	-4.62303	-6.72771
Tip11	49	-4.41053	-4.74561	-6.08506
Tip11	50	-4.1904	-4.77404	-6.45867
Tip118	1	-3.20287	-0.878128	-6.10167
Tip118	2	-3.57029	-0.966263	-5.78158
Tip118	3	-2.95704	-0.817609	-6.55396
Tip118	4	-3.39934	-1.21126	-5.53352
Tip118	5	-3.47269	-1.11654	-6.12412
Tip118	6	-2.68751	-1.00191	-6.52451
Tip118	7	-4.12329	-1.1028	-5.0455
Tip118	8	-3.06094	-1.07578	-6.78834
Tip118	9	-3.14818	-1.48837	-5.63779
Tip118	10	-3.92394	-1.49547	-5.64623
Tip118	11	-2.56507	-1.16731	-7.08323
Tip118	12	-4.02182	-1.30221	-4.90288
Tip118	13	-3.4332	-1.35443	-6.53791
Tip118	14	-2.49453	-1.38911	-6.29118
Tip118	15	-4.44869	-1.3036	-4.96667
Tip118	16	-2.82758	-1.477	-7.37843
Tip118	17	-3.64671	-1.7587	-5.12218
Tip118	18	-3.92197	-1.85462	-5.99379
Tip118	19	-2.18252	-1.51305	-6.98253
Tip118	20	-4.30868	-1.39304	-4.61804
Tip118	21	-3.1958	-1.66042	-7.10112
Tip118	22	-2.91806	-1.82909	-5.80329
Tip118	23	-4.51537	-1.68112	-5.15729
Tip118	24	-2.3976	-1.74989	-7.35585
Tip118	25	-4.02886	-1.78887	-4.74413
Tip118	26	-3.70877	-2.12264	-6.41867
Tip118	27	-2.10766	-1.80256	-6.69414
Tip118	28	-4.50335	-1.62985	-4.68722
Tip118	29	-2.74951	-1.99152	-7.48507
Tip118	30	-3.4839	-2.1805	-5.2482
Tip118	31	-4.27943	-2.26537	-5.58094
Tip118	32	-2.11206	-2.09577	-7.23759
Tip118	33	-4.17931	-1.91642	-4.61115
Tip118	34	-3.38123	-2.31254	-6.94606
Tip118	35	-2.61846	-2.22674	-6.29335
Tip118	36	-4.48564	-2.10699	-4.95933
Tip118	37	-2.4731	-2.32994	-7.41003
Tip118	38	-3.73533	-2.30921	-4.94369
Tip118	39	-4.0286	-2.57799	-5.93396
Tip118	40	-2.36156	-2.37276	-6.85172
Tip118	41	-4.1401	-2.25917	-4.70132
Tip118	42	-3.13561	-2.60011	-6.94107
Tip118	43	-3.13769	-2.64499	-5.71108
Tip118	44	-4.17167	-2.57987	-5.25403
Tip118	45	-2.73026	-2.62585	-7.0317
Tip118	46	-3.73029	-2.71999	-5.01986
Tip118	47	-3.6656	-2.89873	-6.11857
Tip118	48	-3.19694	-2.84961	-6.05455
Tip118	49	-3.81443	-2.85451	-5.2157
Tip118	50	-3.56809	-2.96557	-5.69766
Paranthropus_aethiopicus	1	-3.44826	-0.531122	-6.97787
Paranthropus_aethiopicus	2	-3.83147	-0.666724	-6.66138
Paranthropus_aethiopicus	3	-3.14032	-0.485007	-7.49553
Paranthropus_aethiopicus	4	-3.58886	-0.998844	-6.33793
Paranthropus_aethiopicus	5	-3.75622	-0.707311	-7.09205
Paranthropus_aethiopicus	6	-2.82159	-0.704919	-7.42891
Paranthropus_aethiopicus	7	-4.32405	-1.17212	-5.95885
Paranthropus_aethiopicus	8	-3.30397	-0.646763	-7.82917
Paranthropus_aethiopicus	9	-3.27199	-1.26033	-6.42001
Paranthropus_aethiopicus	10	-4.2173	-1.24268	-6.61664
Paranthropus_aethiopicus	11	-2.75226	-0.794754	-7.938
Paranthropus_aethiopicus	12	-4.13587	-1.40708	-5.72066
Paranthropus_aethiopicus	13	-3.67239	-0.888816	-7.6205
Paranthropus_aethiopicus	14	-2.53058	-1.15514	-7.16329
Paranthropus_aethiopicus	15	-4.73875	-1.48562	-5.90714
Paranthropus_aethiopicus	16	-3.04657	-1.02561	-8.2625
Paranthropus_aethiopicus	17	-3.64707	-1.78361	-5.83796
Paranthropus_aethiopicus	18	-4.19395	-1.49709	-6.97822
Paranthropus_aethiopicus	19	-2.21683	-1.18515	-7.72884
Paranthropus_aethiopicus	20	-4.44513	-1.63978	-5.47285
Paranthropus_aethiopicus	21	-3.41867	-1.1541	-8.07023
Paranthropus_aethiopicus	22	-2.94288	-1.70011	-6.53694
Paranthropus_aethiopicus	23	-4.84815	-1.7866	-6.08096
Paranthropus_aethiopicus	24	-2.44473	-1.33881	-8.05939
Paranthropus_aethiopicus	25	-4.07045	-1.99818	-5.55856
Paranthropus_aethiopicus	26	-3.96735	-1.78586	-7.32432
Paranthropus_aethiopicus	27	-2.10931	-1.56977	-7.35998
Paranthropus_aethiopicus	28	-4.68162	-1.88444	-5.51981
Paranthropus_aethiopicus	29	-2.89718	-1.54366	-8.17395
Paranthropus_aethiopicus	30	-3.45566	-2.24309	-5.92721
Paranthropus_aethiopicus	31	-4.54023	-2.18488	-6.4727
Paranthropus_aethiopicus	32	-2.10047	-1.78511	-7.76437
Paranthropus_aethiopicus	33	-4.26292	-2.15768	-5.45031
Paranthropus_aethiopicus	34	-3.57687	-1.91969	-7.74561
Paranthropus_aethiopicus	35	-2.56476	-2.10118	-6.91969
Paranthropus_aethiopicus	36	-4.69115	-2.25516	-5.8003
Paranthropus_aethiopicus	37	-2.48982	-1.96894	-7.91874
Paranthropus_aethiopicus	38	-3.72358	-2.44257	-5.6091
Paranthropus_aethiopicus	39	-4.21271	-2.53155	-6.70526
Paranthropus_aethiopicus	40	-2.26254	-2.18779	-7.36355
Paranthropus_aethiopicus	41	-4.21701	-2.48751	-5.50367
Paranthropus_aethiopicus	42	-3.2051	-2.30773	-7.60725
Paranthropus_aethiopicus	43	-3.13585	-2.7586	-6.25775
Paranthropus_aethiopicus	44	-4.24835	-2.67316	-6.03376
Paranthropus_aethiopicus	45	-2.6693	-2.42064	-7.51646
Paranthropus_aethiopicus	46	-3.7487	-2.87262	-5.64564
Paranthropus_aethiopicus	47	-3.78011	-2.87362	-6.74972
Paranthropus_aethiopicus	48	-3.17224	-2.91345	-6.62125
Paranthropus_aethiopicus	49	-3.84024	-3.00584	-5.87783
Paranthropus_aethiopicus	50	-3.61476	-3.06919	-6.30676
Sahelanthropus_tchadensis	1	-2.76892	4.27217	-0.753442
Sahelanthropus_tchadensis	2	-2.99952	4.20763	-0.579915
Sahelanthropus_tchadensis	3	-2.55131	4.19382	-1.21022
Sahelanthropus_tchadensis	4	-2.6616	4.11807	-0.330946
Sahelanthropus_tchadensis	5	-3.16237	4.06241	-0.943534
Sahelanthropus_tchadensis	6	-2.17868	4.04495	-1.05674
Sahelanthropus_tchadensis	7	-3.14487	3.84719	-0.079878
Sahelanthropus_tchadensis	8	-2.77817	3.91689	-1.56866
Sahelanthropus_tchadensis	9	-2.32928	3.86757	-0.40996
Sahelanthropus_tchadensis	10	-3.46332	3.68879	-0.454283
Sahelanthropus_tchadensis	11	-2.1567	3.86384	-1.61692
Sahelanthropus_tchadensis	12	-2.83387	3.58125	0.116919
Sahelanthropus_tchadensis	13	-3.27774	3.68858	-1.29534
Sahelanthropus_tchadensis	14	-1.93832	3.6358	-0.89543
Sahelanthropus_tchadensis	15	-3.44317	3.3676	0.0780524
Sahelanthropus_tchadensis	16	-2.56108	3.56709	-1.91367
Sahelanthropus_tchadensis	17	-2.4569	3.41749	-0.0600299
Sahelanthropus_tchadensis	18	-3.58142	3.29159	-0.667157
Sahelanthropus_tchadensis	19	-1.86896	3.51556	-1.56215
Sahelanthropus_tchadensis	20	-3.13433	3.09926	0.424165
Sahelanthropus_tchadensis	21	-3.09789	3.31887	-1.72803
Sahelanthropus_tchadensis	22	-2.03181	3.30756	-0.520242
Sahelanthropus_tchadensis	23	-3.68006	2.95573	-0.0470501
Sahelanthropus_tchadensis	24	-2.22244	3.2617	-1.97719
Sahelanthropus_tchadensis	25	-2.67082	2.9492	0.33635
Sahelanthropus_tchadensis	26	-3.5434	3.03343	-1.01466
Sahelanthropus_tchadensis	27	-1.81436	3.12471	-1.21127
Sahelanthropus_tchadensis	28	-3.44047	2.67401	0.393891
Sahelanthropus_tchadensis	29	-2.83977	3.04055	-1.91681
Sahelanthropus_tchadensis	30	-2.19724	2.89198	-0.0817785
Sahelanthropus_tchadensis	31	-3.69144	2.60329	-0.338419
Sahelanthropus_tchadensis	32	-2.01499	2.89526	-1.73892
Sahelanthropus_tchadensis	33	-2.97283	2.5207	0.459703
Sahelanthropus_tchadensis	34	-3.28272	2.7174	-1.31708
Sahelanthropus_tchadensis	35	-1.93647	2.77718	-0.708252
Sahelanthropus_tchadensis	36	-3.55069	2.29902	0.124281
Sahelanthropus_tchadensis	37	-2.53846	2.66237	-1.79129
Sahelanthropus_tchadensis	38	-2.48858	2.46179	0.123034
Sahelanthropus_tchadensis	39	-3.52167	2.35101	-0.70889
Sahelanthropus_tchadensis	40	-2.03553	2.53674	-1.14793
Sahelanthropus_tchadensis	41	-3.09959	2.07409	0.328274
Sahelanthropus_tchadensis	42	-3.0089	2.37136	-1.32871
Sahelanthropus_tchadensis	43	-2.28598	2.38472	-0.355091
Sahelanthropus_tchadensis	44	-3.36095	2.03608	-0.235004
Sahelanthropus_tchadensis	45	-2.43796	2.29903	-1.24974
Sahelanthropus_tchadensis	46	-2.70634	2.02757	-0.0235749
Sahelanthropus_tchadensis	47	-3.10635	2.07963	-0.813561
Sahelanthropus_tchadensis	48	-2.45877	2.08561	-0.669086
Sahelanthropus_tchadensis	49	-2.98235	1.92185	-0.277208
Sahelanthropus_tchadensis	50	-2.80879	1.94523	-0.52186
Pan_troglodytes	1	0.624175	0.489934	-0.403802
Pan_troglodytes	2	0.409377	0.446529	-0.229973
Pan_troglodytes	3	0.646208	0.424132	-0.774559
Pan_troglodytes	4	0.923401	0.322538	-0.0443777
Pan_troglodytes	5	0.033473	0.370629	-0.518192
Pan_troglodytes	6	1.14455	0.256993	-0.711253
Pan_troglodytes	7	0.436112	0.203961	0.181397
Pan_troglodytes	8	0.249235	0.254135	-0.996133
Pan_troglodytes	9	1.33279	0.0947609	-0.168487
Pan_troglodytes	10	-0.14116	0.140578	-0.164533
Pan_troglodytes	11	0.964416	0.0812184	-1.07394
Pan_troglodytes	12	0.868705	-0.054908	0.34426
Pan_troglodytes	13	-0.191401	0.0760306	-0.841104
Pan_troglodytes	14	1.5041	-0.116507	-0.579657
Pan_troglodytes	15	0.0451533	-0.11318	0.26172
Pan_troglodytes	16	0.463042	-0.0623671	-1.25904
Pan_troglodytes	17	1.35012	-0.271971	0.152192
Pan_troglodytes	18	-0.410145	-0.142093	-0.407063
Pan_troglodytes	19	1.31883	-0.286525	-1.04509
Pan_troglodytes	20	0.552111	-0.38932	0.505348
Pan_troglodytes	21	-0.0837748	-0.230374	-1.12955
Pan_troglodytes	22	1.62225	-0.486858	-0.294075
Pan_troglodytes	23	-0.259514	-0.385699	0.0753646
Pan_troglodytes	24	0.824789	-0.430463	-1.30113
Pan_troglodytes	25	1.11661	-0.621394	0.395508
Pan_troglodytes	26	-0.419107	-0.427096	-0.726073
Pan_troglodytes	27	1.55977	-0.660976	-0.805301
Pan_troglodytes	28	0.193558	-0.656449	0.449968
Pan_troglodytes	29	0.232425	-0.571191	-1.2839
Pan_troglodytes	30	1.50674	-0.81962	-0.0134722
Pan_troglodytes	31	-0.405545	-0.663611	-0.213376
Pan_troglodytes	32	1.16068	-0.798846	-1.16866
Pan_troglodytes	33	0.760794	-0.931016	0.453505
Pan_troglodytes	34	-0.199889	-0.756212	-0.966067
Pan_troglodytes	35	1.56111	-1.00297	-0.511665
Pan_troglodytes	36	-0.0523822	-0.935537	0.196118
Pan_troglodytes	37	0.603975	-0.950917	-1.24401
Pan_troglodytes	38	1.19699	-1.15309	0.14729
Pan_troglodytes	39	-0.287896	-0.973966	-0.500769
Pan_troglodytes	40	1.286	-1.16711	-0.898261
Pan_troglodytes	41	0.434082	-1.18923	0.27484
Pan_troglodytes	42	0.181004	-1.13381	-1.00973
Pan_troglodytes	43	1.30598	-1.33034	-0.288487
Pan_troglodytes	44	-0.0150273	-1.23502	-0.135079
Pan_troglodytes	45	0.822525	-1.33243	-0.969975
Pan_troglodytes	46	0.803271	-1.4326	0.0184992
Pan_troglodytes	47	0.140274	-1.36045	-0.619466
Pan_troglodytes	48	0.997139	-1.49681	-0.567817
Pan_troglodytes	49	0.444506	-1.50124	-0.208743
Pan_troglodytes	50	0.59985	-1.55568	-0.44632
